1.2898000e+01 2.3300696e-01
1.2906000e+01 2.4714888e-01
1.3450000e+01 2.7672976e-01
1.3905000e+01 3.1137328e-01
1.4686000e+01 3.6660208e-01
1.4898000e+01 3.8476064e-01
1.5471000e+01 4.3597280e-01
1.5696000e+01 4.9120160e-01
1.5896000e+01 4.7111840e-01
1.6019000e+01 4.7028160e-01
1.6873000e+01 5.6065600e-01
1.6909000e+01 5.6191120e-01
1.7921000e+01 6.6985840e-01
1.8101000e+01 6.9036000e-01
1.8123000e+01 6.9830960e-01
1.8851000e+01 7.7864240e-01
1.8932000e+01 7.8952080e-01
1.9194000e+01 8.3805520e-01
1.9937000e+01 9.2466400e-01
2.0263000e+01 9.8491360e-01
2.0548000e+01 1.0142016e+00
2.1500000e+01 1.1853272e+00
2.3104000e+01 1.4698392e+00
2.4216000e+01 1.7095824e+00
2.5867000e+01 2.1112464e+00
2.7247000e+01 2.4911536e+00
2.8283000e+01 3.1011808e+00
3.0419000e+01 3.5610024e+00
3.2262000e+01 4.3262560e+00
3.3692000e+01 5.0249840e+00
3.6005000e+01 6.3638640e+00
3.7264000e+01 7.1881120e+00
3.9501000e+01 8.7989520e+00
4.0904000e+01 9.9453680e+00
4.2940000e+01 1.1861640e+01
4.4504000e+01 1.3522688e+01
4.6547000e+01 1.5941040e+01
4.8208000e+01 1.8112536e+01
5.0287000e+01 2.1141752e+01
5.1740000e+01 2.3488976e+01
5.4183000e+01 2.7731552e+01
5.5670000e+01 3.0597592e+01
5.7902000e+01 3.5266936e+01
5.9175000e+01 3.8103688e+01
6.1092000e+01 4.2634960e+01
6.2701000e+01 4.6735280e+01
6.4358000e+01 5.1212160e+01
6.6494000e+01 5.7237120e+01
6.7915000e+01 6.1421120e+01
7.0232000e+01 6.8575760e+01
7.1463000e+01 7.2550560e+01
7.3910000e+01 8.0876720e+01
7.4978000e+01 8.4600480e+01
7.7430000e+01 9.3679760e+01
7.9223000e+01 1.0054152e+02
8.0845000e+01 1.0723592e+02
8.2406000e+01 1.1363744e+02
8.5494000e+01 1.2673336e+02
8.8488000e+01 1.3991296e+02
9.1417000e+01 1.5376200e+02
9.2052000e+01 1.5581216e+02
9.5624000e+01 1.7250632e+02
9.9306000e+01 1.9003728e+02
1.0290200e+02 2.0790296e+02
1.0648400e+02 2.2606152e+02
1.1006900e+02 2.4422008e+02
1.1363900e+02 2.6166736e+02
1.1719100e+02 2.8087192e+02
1.2073000e+02 2.9944888e+02
1.2426300e+02 3.1781664e+02
1.2762500e+02 3.3526392e+02
1.2970000e+02 3.4530552e+02
1.3328000e+02 3.6471928e+02
1.3690400e+02 3.8321256e+02
1.4055900e+02 4.0199872e+02
1.4425200e+02 4.2049200e+02
1.4780300e+02 4.3806480e+02
1.4884000e+02 4.4308560e+02
1.5221600e+02 4.5940320e+02
1.5554900e+02 4.7572080e+02
1.5884700e+02 4.9078320e+02
1.6224400e+02 5.0710080e+02
1.6573900e+02 5.2258160e+02
1.6932000e+02 5.3889920e+02
1.7298900e+02 5.5438000e+02
1.7540900e+02 5.6525840e+02
1.7871900e+02 5.7906560e+02
1.8214200e+02 5.9412800e+02
1.8567200e+02 6.0709840e+02
1.8930900e+02 6.2174240e+02
1.9286400e+02 6.3554960e+02
1.9634800e+02 6.4852000e+02
1.9976500e+02 6.6065360e+02
2.0158000e+02 6.6776640e+02
2.0490100e+02 6.7906320e+02
2.0816500e+02 6.9077840e+02
2.1137600e+02 7.0165680e+02
2.1454000e+02 7.1253520e+02
2.1781300e+02 7.2215840e+02
2.2119200e+02 7.3345520e+02
2.2452200e+02 7.4391520e+02
2.2641200e+02 7.4935440e+02
2.2967200e+02 7.5939600e+02
2.3289000e+02 7.6901920e+02
2.3606800e+02 7.7780560e+02
2.3935100e+02 7.8701040e+02
2.4273600e+02 7.9621520e+02
2.4608100e+02 8.0542000e+02
2.4938800e+02 8.1085920e+02
2.5059800e+02 8.1671680e+02
2.5375000e+02 8.2508480e+02
2.5696700e+02 8.3428960e+02
2.6015200e+02 8.4056560e+02
2.6330800e+02 8.4851520e+02
2.6643600e+02 8.5562800e+02
2.6979300e+02 8.6315920e+02
2.9800000e+02 9.2604472e+02
3.0000000e+02 9.3006136e+02
3.5000000e+02 1.0103942e+03
4.0000000e+02 1.0643259e+03
4.5000000e+02 1.1029442e+03
5.0000000e+02 1.1319812e+03
5.5000000e+02 1.1547840e+03
6.0000000e+02 1.1733610e+03
6.5000000e+02 1.1889254e+03
7.0000000e+02 1.2023142e+03
7.5000000e+02 1.2141550e+03
8.0000000e+02 1.2246986e+03
8.5000000e+02 1.2343637e+03
9.0000000e+02 1.2432756e+03
9.5000000e+02 1.2515599e+03
1.0000000e+03 1.2594258e+03
