0.552
77
77
77
77
77
77
77
77
77
77
77
77
77
77
77
77
77
77
77
77
77
77
77
77
77
77
77
77
77
77
77
77
77
77
77
77
77
77
77
77
77
77
77
77
77
77
77
77
77
77
77
77
77
77
77
77
77
77
77
77
77
77
77
77
77
77
77
77
77
77
77
77
77
77
77
77
77
77
77
77
77
77
77
77
77
77
77
77
77
77
77
77
77
77
77
77
77
77
77
77
77
77
77
77
77
77
77
77
77
77
77
77
77
77
77
77
77
77
77
77
77
77
77
77
77
77
77
77
77
77
77
77
77
77
77
77
77
77
77
77
77
77
77
77
77
77
77
77
77
77
77
77
77
77
77
77
77
77
77
77
77
77
77
77
77
77
77
77
77
77
77
77
77
77
77
77
77
77
77
77
77
77
77
77
77
77
77
77
77
77
77
77
77
77
77
77
77
77
77
77
77
77.0000000001
77.0000000001
77.0000000001
77.0000000001
77.0000000001
77.0000000001
77.0000000001
77.0000000001
77.0000000001
77.0000000001
77.0000000001
77.0000000001
77.0000000001
77.0000000001
77.0000000001
77.0000000001
77.0000000001
77.0000000001
77.0000000001
77.0000000001
77.0000000001
77.0000000001
77.0000000001
77.0000000001
77.0000000001
77.0000000001
77.0000000001
77.0000000001
77.0000000001
77.0000000001
77.0000000001
77.0000000001
77.0000000001
77.0000000001
77.0000000001
77.0000000001
77.0000000001
77.0000000001
77.0000000001
77.0000000001
77.0000000001
77.0000000001
77.0000000001
77.0000000001
77.0000000001
77.0000000001
77.0000000001
77.0000000001
77.0000000001
77.0000000001
77.0000000001
77.0000000001
77.0000000001
77.0000000001
77.0000000001
77.0000000001
77.0000000001
77.0000000001
77.0000000001
77.0000000001
77.0000000001
77.0000000001
77.0000000001
77.0000000001
77.0000000001
77.0000000001
77.0000000001
77.0000000001
77.0000000001
77.0000000001
77.0000000001
77.0000000001
77.0000000001
77.0000000001
77.0000000001
77.0000000001
77.0000000001
77.0000000001
77.0000000001
77.0000000001
77.0000000001
77.0000000001
77.0000000001
77.0000000001
77.0000000001
77.0000000001
77.0000000001
77.0000000001
77.0000000001
77.0000000001
77.0000000001
77.0000000001
77.0000000001
77.0000000001
77.0000000007
77.0000000172
77.0000004586
77.0000107235
77.000295994
77.0050997031
77.0097193023
77.0051115577
77.0003045058
77.0000122923
77.0000005185
77.0000000199
77.0000000008
77.0000000001
77.0000000001
77.0000000001
77.0000000001
77.0000000001
77.0000000001
77.0000000001
77.0000000001
77.0000000001
77.0000000001
77.0000000001
77.0000000001
77.0000000001
77.0000000001
77.0000000001
77.0000000001
77.0000000001
77.0000000001
77.0000000001
77.0000000001
77.0000000001
77.0000000001
77.0000000001
77.0000000001
77.0000000001
77.0000000001
77.0000000001
77.0000000001
77.0000000001
77.0000000001
77.0000000001
77.0000000001
77.0000000001
77.0000000001
77.0000000001
77.0000000001
77.0000000001
77.0000000001
77.0000000001
77.0000000001
77.0000000001
77.0000000001
77.0000000001
77.0000000001
77.0000000001
77.0000000001
77.0000000001
77.0000000001
77.0000000001
77.0000000001
77.0000000001
77.0000000001
77.0000000001
77.0000000001
77.0000000001
77.0000000001
77.0000000001
77.0000000001
77.0000000001
77.0000000001
77.0000000001
77.0000000001
77.0000000001
77.0000000001
77.0000000001
77.0000000001
77.0000000001
77.0000000001
77.0000000001
77.0000000001
77.0000000001
77.0000000001
77.0000000001
77.0000000001
77.0000000001
77.0000000001
77.0000000001
77.0000000001
77.0000000001
77.0000000001
77.0000000001
77.0000000001
77.0000000001
77.0000000001
77.0000000001
77.0000000001
77.0000000001
77.0000000001
77.0000000001
77.0000000001
77.0000000001
77.0000000001
77.0000000001
77
77.0000000001
77.0000000001
77.0000000001
77.0000000001
77.0000000001
77.0000000001
77.0000000001
77.0000000001
77.0000000001
77.0000000001
77.0000000001
77.0000000001
77.0000000001
77.0000000001
77.0000000001
77.0000000001
77.0000000001
77.0000000001
77.0000000001
77.0000000001
77.0000000001
77.0000000001
77.0000000001
77.0000000001
77.0000000001
77.0000000001
77.0000000001
77.0000000001
77.0000000001
77.0000000001
77.0000000001
77.0000000001
77.0000000001
77.0000000001
77.0000000001
77.0000000001
77.0000000001
77.0000000001
77.0000000001
77.0000000001
77.0000000001
77.0000000001
77.0000000001
77.0000000001
77.0000000001
77.0000000001
77.0000000001
77.0000000001
77.0000000001
77.0000000001
77.0000000001
77.0000000001
77.0000000001
77.0000000001
77.0000000001
77.0000000001
77.0000000001
77.0000000001
77.0000000001
77.0000000001
77.0000000001
77.0000000001
77.0000000001
77.0000000001
77.0000000001
77.0000000001
77.0000000001
77.0000000001
77.0000000001
77.0000000001
77.0000000001
77.0000000001
77.0000000001
77.0000000001
77.0000000001
77.0000000001
77.0000000001
77.0000000001
77.0000000001
77.0000000001
77.0000000001
77.0000000001
77.0000000001
77.0000000001
77.0000000001
77.0000000001
77.0000000001
77.0000000001
77.0000000001
77.0000000001
77.0000000001
77.0000000001
77.0000000001
77.0000000002
77.0000000014
77.0000000343
77.0000009171
77.000021446
77.0005919664
77.0101987607
77.0194366027
77.0102224678
77.0006089874
77.0000245831
77.0000010369
77.0000000399
77.0000000016
77.0000000002
77.0000000001
77.0000000001
77.0000000001
77.0000000001
77.0000000001
77.0000000001
77.0000000001
77.0000000001
77.0000000001
77.0000000001
77.0000000001
77.0000000001
77.0000000001
77.0000000001
77.0000000001
77.0000000001
77.0000000001
77.0000000001
77.0000000001
77.0000000001
77.0000000001
77.0000000001
77.0000000001
77.0000000001
77.0000000001
77.0000000001
77.0000000001
77.0000000001
77.0000000001
77.0000000001
77.0000000001
77.0000000001
77.0000000001
77.0000000001
77.0000000001
77.0000000001
77.0000000001
77.0000000001
77.0000000001
77.0000000001
77.0000000001
77.0000000001
77.0000000001
77.0000000001
77.0000000001
77.0000000001
77.0000000001
77.0000000001
77.0000000001
77.0000000001
77.0000000001
77.0000000001
77.0000000001
77.0000000001
77.0000000001
77.0000000001
77.0000000001
77.0000000001
77.0000000001
77.0000000001
77.0000000001
77.0000000001
77.0000000001
77.0000000001
77.0000000001
77.0000000001
77.0000000001
77.0000000001
77.0000000001
77.0000000001
77.0000000001
77.0000000001
77.0000000001
77.0000000001
77.0000000001
77.0000000001
77.0000000001
77.0000000001
77.0000000001
77.0000000001
77.0000000001
77.0000000001
77.0000000001
77.0000000001
77.0000000001
77.0000000001
77.0000000001
77.0000000001
77.0000000001
77.0000000001
77.0000000001
77.0000000001
77
77.0000000002
77.0000000002
77.0000000002
77.0000000002
77.0000000002
77.0000000002
77.0000000002
77.0000000002
77.0000000002
77.0000000002
77.0000000002
77.0000000002
77.0000000002
77.0000000002
77.0000000002
77.0000000002
77.0000000002
77.0000000002
77.0000000002
77.0000000002
77.0000000002
77.0000000002
77.0000000002
77.0000000002
77.0000000002
77.0000000002
77.0000000002
77.0000000002
77.0000000002
77.0000000002
77.0000000002
77.0000000002
77.0000000002
77.0000000002
77.0000000002
77.0000000002
77.0000000002
77.0000000002
77.0000000002
77.0000000002
77.0000000002
77.0000000002
77.0000000002
77.0000000002
77.0000000002
77.0000000002
77.0000000002
77.0000000002
77.0000000002
77.0000000002
77.0000000002
77.0000000002
77.0000000002
77.0000000002
77.0000000002
77.0000000002
77.0000000002
77.0000000002
77.0000000002
77.0000000002
77.0000000002
77.0000000002
77.0000000002
77.0000000002
77.0000000002
77.0000000002
77.0000000002
77.0000000002
77.0000000002
77.0000000002
77.0000000002
77.0000000002
77.0000000002
77.0000000002
77.0000000002
77.0000000002
77.0000000002
77.0000000002
77.0000000002
77.0000000002
77.0000000002
77.0000000002
77.0000000002
77.0000000002
77.0000000002
77.0000000002
77.0000000002
77.0000000002
77.0000000002
77.0000000002
77.0000000002
77.0000000002
77.0000000002
77.0000000002
77.0000000021
77.0000000515
77.0000013755
77.0000321664
77.0008878934
77.0152971893
77.0291519815
77.0153327462
77.0009134209
77.0000368713
77.0000015552
77.0000000598
77.0000000024
77.0000000002
77.0000000002
77.0000000002
77.0000000002
77.0000000002
77.0000000002
77.0000000002
77.0000000002
77.0000000002
77.0000000002
77.0000000002
77.0000000002
77.0000000002
77.0000000002
77.0000000002
77.0000000002
77.0000000002
77.0000000002
77.0000000002
77.0000000002
77.0000000002
77.0000000002
77.0000000002
77.0000000002
77.0000000002
77.0000000002
77.0000000002
77.0000000002
77.0000000002
77.0000000002
77.0000000002
77.0000000002
77.0000000002
77.0000000002
77.0000000002
77.0000000002
77.0000000002
77.0000000002
77.0000000002
77.0000000002
77.0000000002
77.0000000002
77.0000000002
77.0000000002
77.0000000002
77.0000000002
77.0000000002
77.0000000002
77.0000000002
77.0000000002
77.0000000002
77.0000000002
77.0000000002
77.0000000002
77.0000000002
77.0000000002
77.0000000002
77.0000000002
77.0000000002
77.0000000002
77.0000000002
77.0000000002
77.0000000002
77.0000000002
77.0000000002
77.0000000002
77.0000000002
77.0000000002
77.0000000002
77.0000000002
77.0000000002
77.0000000002
77.0000000002
77.0000000002
77.0000000002
77.0000000002
77.0000000002
77.0000000002
77.0000000002
77.0000000002
77.0000000002
77.0000000002
77.0000000002
77.0000000002
77.0000000002
77.0000000002
77.0000000002
77.0000000002
77.0000000002
77.0000000002
77.0000000002
77.0000000002
77.0000000002
77
77.0000000002
77.0000000002
77.0000000002
77.0000000002
77.0000000002
77.0000000002
77.0000000002
77.0000000002
77.0000000002
77.0000000002
77.0000000002
77.0000000002
77.0000000002
77.0000000002
77.0000000002
77.0000000002
77.0000000002
77.0000000002
77.0000000002
77.0000000002
77.0000000002
77.0000000002
77.0000000002
77.0000000002
77.0000000002
77.0000000002
77.0000000002
77.0000000002
77.0000000002
77.0000000002
77.0000000002
77.0000000002
77.0000000002
77.0000000002
77.0000000002
77.0000000002
77.0000000002
77.0000000002
77.0000000002
77.0000000002
77.0000000002
77.0000000002
77.0000000002
77.0000000002
77.0000000002
77.0000000002
77.0000000002
77.0000000002
77.0000000002
77.0000000002
77.0000000002
77.0000000002
77.0000000002
77.0000000002
77.0000000002
77.0000000002
77.0000000002
77.0000000002
77.0000000002
77.0000000002
77.0000000002
77.0000000002
77.0000000002
77.0000000002
77.0000000002
77.0000000002
77.0000000002
77.0000000002
77.0000000002
77.0000000002
77.0000000002
77.0000000002
77.0000000002
77.0000000002
77.0000000002
77.0000000002
77.0000000002
77.0000000002
77.0000000002
77.0000000002
77.0000000002
77.0000000002
77.0000000002
77.0000000002
77.0000000002
77.0000000002
77.0000000002
77.0000000002
77.0000000002
77.0000000002
77.0000000002
77.0000000002
77.0000000002
77.0000000003
77.0000000028
77.0000000686
77.0000018339
77.0000428835
77.0011837514
77.0203950052
77.0388655192
77.0204424093
77.0012177823
77.0000491555
77.0000020734
77.0000000797
77.0000000032
77.0000000003
77.0000000002
77.0000000002
77.0000000002
77.0000000002
77.0000000002
77.0000000002
77.0000000002
77.0000000002
77.0000000002
77.0000000002
77.0000000002
77.0000000002
77.0000000002
77.0000000002
77.0000000002
77.0000000002
77.0000000002
77.0000000002
77.0000000002
77.0000000002
77.0000000002
77.0000000002
77.0000000002
77.0000000002
77.0000000002
77.0000000002
77.0000000002
77.0000000002
77.0000000002
77.0000000002
77.0000000002
77.0000000002
77.0000000002
77.0000000002
77.0000000002
77.0000000002
77.0000000002
77.0000000002
77.0000000002
77.0000000002
77.0000000002
77.0000000002
77.0000000002
77.0000000002
77.0000000002
77.0000000002
77.0000000002
77.0000000002
77.0000000002
77.0000000002
77.0000000002
77.0000000002
77.0000000002
77.0000000002
77.0000000002
77.0000000002
77.0000000002
77.0000000002
77.0000000002
77.0000000002
77.0000000002
77.0000000002
77.0000000002
77.0000000002
77.0000000002
77.0000000002
77.0000000002
77.0000000002
77.0000000002
77.0000000002
77.0000000002
77.0000000002
77.0000000002
77.0000000002
77.0000000002
77.0000000002
77.0000000002
77.0000000002
77.0000000002
77.0000000002
77.0000000002
77.0000000002
77.0000000002
77.0000000002
77.0000000002
77.0000000002
77.0000000002
77.0000000002
77.0000000002
77.0000000002
77.0000000002
77.0000000002
77
77.0000000003
77.0000000003
77.0000000003
77.0000000003
77.0000000003
77.0000000003
77.0000000003
77.0000000003
77.0000000003
77.0000000003
77.0000000003
77.0000000003
77.0000000003
77.0000000003
77.0000000003
77.0000000003
77.0000000003
77.0000000003
77.0000000003
77.0000000003
77.0000000003
77.0000000003
77.0000000003
77.0000000003
77.0000000003
77.0000000003
77.0000000003
77.0000000003
77.0000000003
77.0000000003
77.0000000003
77.0000000003
77.0000000003
77.0000000003
77.0000000003
77.0000000003
77.0000000003
77.0000000003
77.0000000003
77.0000000003
77.0000000003
77.0000000003
77.0000000003
77.0000000003
77.0000000003
77.0000000003
77.0000000003
77.0000000003
77.0000000003
77.0000000003
77.0000000003
77.0000000003
77.0000000003
77.0000000003
77.0000000003
77.0000000003
77.0000000003
77.0000000003
77.0000000003
77.0000000003
77.0000000003
77.0000000003
77.0000000003
77.0000000003
77.0000000003
77.0000000003
77.0000000003
77.0000000003
77.0000000003
77.0000000003
77.0000000003
77.0000000003
77.0000000003
77.0000000003
77.0000000003
77.0000000003
77.0000000003
77.0000000003
77.0000000003
77.0000000003
77.0000000003
77.0000000003
77.0000000003
77.0000000003
77.0000000003
77.0000000003
77.0000000003
77.0000000003
77.0000000003
77.0000000003
77.0000000003
77.0000000003
77.0000000003
77.0000000004
77.0000000035
77.0000000858
77.0000022921
77.0000535962
77.0014795166
77.0254922249
77.048577296
77.0255514731
77.0015220478
77.0000614346
77.0000025914
77.0000000996
77.000000004
77.0000000004
77.0000000003
77.0000000003
77.0000000003
77.0000000003
77.0000000003
77.0000000003
77.0000000003
77.0000000003
77.0000000003
77.0000000003
77.0000000003
77.0000000003
77.0000000003
77.0000000003
77.0000000003
77.0000000003
77.0000000003
77.0000000003
77.0000000003
77.0000000003
77.0000000003
77.0000000003
77.0000000003
77.0000000003
77.0000000003
77.0000000003
77.0000000003
77.0000000003
77.0000000003
77.0000000003
77.0000000003
77.0000000003
77.0000000003
77.0000000003
77.0000000003
77.0000000003
77.0000000003
77.0000000003
77.0000000003
77.0000000003
77.0000000003
77.0000000003
77.0000000003
77.0000000003
77.0000000003
77.0000000003
77.0000000003
77.0000000003
77.0000000003
77.0000000003
77.0000000003
77.0000000003
77.0000000003
77.0000000003
77.0000000003
77.0000000003
77.0000000003
77.0000000003
77.0000000003
77.0000000003
77.0000000003
77.0000000003
77.0000000003
77.0000000003
77.0000000003
77.0000000003
77.0000000003
77.0000000003
77.0000000003
77.0000000003
77.0000000003
77.0000000003
77.0000000003
77.0000000003
77.0000000003
77.0000000003
77.0000000003
77.0000000003
77.0000000003
77.0000000003
77.0000000003
77.0000000003
77.0000000003
77.0000000003
77.0000000003
77.0000000003
77.0000000003
77.0000000003
77.0000000003
77.0000000003
77.0000000003
77.0000000003
77
77.0000000003
77.0000000003
77.0000000003
77.0000000003
77.0000000003
77.0000000003
77.0000000003
77.0000000003
77.0000000003
77.0000000003
77.0000000003
77.0000000003
77.0000000003
77.0000000003
77.0000000003
77.0000000003
77.0000000003
77.0000000003
77.0000000003
77.0000000003
77.0000000003
77.0000000003
77.0000000003
77.0000000003
77.0000000003
77.0000000003
77.0000000003
77.0000000003
77.0000000003
77.0000000003
77.0000000003
77.0000000003
77.0000000003
77.0000000003
77.0000000003
77.0000000003
77.0000000003
77.0000000003
77.0000000003
77.0000000003
77.0000000003
77.0000000003
77.0000000003
77.0000000003
77.0000000003
77.0000000003
77.0000000003
77.0000000003
77.0000000003
77.0000000003
77.0000000003
77.0000000003
77.0000000003
77.0000000003
77.0000000003
77.0000000003
77.0000000003
77.0000000003
77.0000000003
77.0000000003
77.0000000003
77.0000000003
77.0000000003
77.0000000003
77.0000000003
77.0000000003
77.0000000003
77.0000000003
77.0000000003
77.0000000003
77.0000000003
77.0000000003
77.0000000003
77.0000000003
77.0000000003
77.0000000003
77.0000000003
77.0000000003
77.0000000003
77.0000000003
77.0000000003
77.0000000003
77.0000000003
77.0000000003
77.0000000003
77.0000000003
77.0000000003
77.0000000003
77.0000000003
77.0000000003
77.0000000003
77.0000000003
77.0000000003
77.0000000005
77.0000000042
77.0000001029
77.00000275
77.0000643033
77.0017751652
77.0305888647
77.0582873924
77.0306599537
77.0018261935
77.0000737073
77.0000031091
77.0000001195
77.0000000048
77.0000000005
77.0000000003
77.0000000003
77.0000000003
77.0000000003
77.0000000003
77.0000000003
77.0000000003
77.0000000003
77.0000000003
77.0000000003
77.0000000003
77.0000000003
77.0000000003
77.0000000003
77.0000000003
77.0000000003
77.0000000003
77.0000000003
77.0000000003
77.0000000003
77.0000000003
77.0000000003
77.0000000003
77.0000000003
77.0000000003
77.0000000003
77.0000000003
77.0000000003
77.0000000003
77.0000000003
77.0000000003
77.0000000003
77.0000000003
77.0000000003
77.0000000003
77.0000000003
77.0000000003
77.0000000003
77.0000000003
77.0000000003
77.0000000003
77.0000000003
77.0000000003
77.0000000003
77.0000000003
77.0000000003
77.0000000003
77.0000000003
77.0000000003
77.0000000003
77.0000000003
77.0000000003
77.0000000003
77.0000000003
77.0000000003
77.0000000003
77.0000000003
77.0000000003
77.0000000003
77.0000000003
77.0000000003
77.0000000003
77.0000000003
77.0000000003
77.0000000003
77.0000000003
77.0000000003
77.0000000003
77.0000000003
77.0000000003
77.0000000003
77.0000000003
77.0000000003
77.0000000003
77.0000000003
77.0000000003
77.0000000003
77.0000000003
77.0000000003
77.0000000003
77.0000000003
77.0000000003
77.0000000003
77.0000000003
77.0000000003
77.0000000003
77.0000000003
77.0000000003
77.0000000003
77.0000000003
77.0000000003
77.0000000003
77
77.0000000004
77.0000000004
77.0000000004
77.0000000004
77.0000000004
77.0000000004
77.0000000004
77.0000000004
77.0000000004
77.0000000004
77.0000000004
77.0000000004
77.0000000004
77.0000000004
77.0000000004
77.0000000004
77.0000000004
77.0000000004
77.0000000004
77.0000000004
77.0000000004
77.0000000004
77.0000000004
77.0000000004
77.0000000004
77.0000000004
77.0000000004
77.0000000004
77.0000000004
77.0000000004
77.0000000004
77.0000000004
77.0000000004
77.0000000004
77.0000000004
77.0000000004
77.0000000004
77.0000000004
77.0000000004
77.0000000004
77.0000000004
77.0000000004
77.0000000004
77.0000000004
77.0000000004
77.0000000004
77.0000000004
77.0000000004
77.0000000004
77.0000000004
77.0000000004
77.0000000004
77.0000000004
77.0000000004
77.0000000004
77.0000000004
77.0000000004
77.0000000004
77.0000000004
77.0000000004
77.0000000004
77.0000000004
77.0000000004
77.0000000004
77.0000000004
77.0000000004
77.0000000004
77.0000000004
77.0000000004
77.0000000004
77.0000000004
77.0000000004
77.0000000004
77.0000000004
77.0000000004
77.0000000004
77.0000000004
77.0000000004
77.0000000004
77.0000000004
77.0000000004
77.0000000004
77.0000000004
77.0000000004
77.0000000004
77.0000000004
77.0000000004
77.0000000004
77.0000000004
77.0000000004
77.0000000004
77.0000000004
77.0000000004
77.0000000006
77.0000000049
77.0000001201
77.0000032078
77.0000750036
77.0020706737
77.035684941
77.0679958885
77.0357678675
77.0021301954
77.0000859723
77.0000036265
77.0000001394
77.0000000056
77.0000000006
77.0000000004
77.0000000004
77.0000000004
77.0000000004
77.0000000004
77.0000000004
77.0000000004
77.0000000004
77.0000000004
77.0000000004
77.0000000004
77.0000000004
77.0000000004
77.0000000004
77.0000000004
77.0000000004
77.0000000004
77.0000000004
77.0000000004
77.0000000004
77.0000000004
77.0000000004
77.0000000004
77.0000000004
77.0000000004
77.0000000004
77.0000000004
77.0000000004
77.0000000004
77.0000000004
77.0000000004
77.0000000004
77.0000000004
77.0000000004
77.0000000004
77.0000000004
77.0000000004
77.0000000004
77.0000000004
77.0000000004
77.0000000004
77.0000000004
77.0000000004
77.0000000004
77.0000000004
77.0000000004
77.0000000004
77.0000000004
77.0000000004
77.0000000004
77.0000000004
77.0000000004
77.0000000004
77.0000000004
77.0000000004
77.0000000004
77.0000000004
77.0000000004
77.0000000004
77.0000000004
77.0000000004
77.0000000004
77.0000000004
77.0000000004
77.0000000004
77.0000000004
77.0000000004
77.0000000004
77.0000000004
77.0000000004
77.0000000004
77.0000000004
77.0000000004
77.0000000004
77.0000000004
77.0000000004
77.0000000004
77.0000000004
77.0000000004
77.0000000004
77.0000000004
77.0000000004
77.0000000004
77.0000000004
77.0000000004
77.0000000004
77.0000000004
77.0000000004
77.0000000004
77.0000000004
77.0000000004
77.0000000004
77
77.0000000004
77.0000000004
77.0000000004
77.0000000004
77.0000000004
77.0000000004
77.0000000004
77.0000000004
77.0000000004
77.0000000004
77.0000000004
77.0000000004
77.0000000004
77.0000000004
77.0000000004
77.0000000004
77.0000000004
77.0000000004
77.0000000004
77.0000000004
77.0000000004
77.0000000004
77.0000000004
77.0000000004
77.0000000004
77.0000000004
77.0000000004
77.0000000004
77.0000000004
77.0000000004
77.0000000004
77.0000000004
77.0000000004
77.0000000004
77.0000000004
77.0000000004
77.0000000004
77.0000000004
77.0000000004
77.0000000004
77.0000000004
77.0000000004
77.0000000004
77.0000000004
77.0000000004
77.0000000004
77.0000000004
77.0000000004
77.0000000004
77.0000000004
77.0000000004
77.0000000004
77.0000000004
77.0000000004
77.0000000004
77.0000000004
77.0000000004
77.0000000004
77.0000000004
77.0000000004
77.0000000005
77.0000000004
77.0000000004
77.0000000004
77.0000000004
77.0000000004
77.0000000004
77.0000000004
77.0000000004
77.0000000004
77.0000000004
77.0000000004
77.0000000004
77.0000000004
77.0000000004
77.0000000004
77.0000000004
77.0000000004
77.0000000004
77.0000000004
77.0000000004
77.0000000004
77.0000000004
77.0000000004
77.0000000004
77.0000000004
77.0000000004
77.0000000004
77.0000000004
77.0000000004
77.0000000004
77.0000000004
77.0000000005
77.0000000006
77.0000000056
77.0000001372
77.0000036652
77.0000856959
77.0023660181
77.0407804702
77.0777028647
77.0408752304
77.0024340297
77.0000982286
77.0000041435
77.0000001593
77.0000000064
77.0000000007
77.0000000005
77.0000000004
77.0000000004
77.0000000004
77.0000000004
77.0000000004
77.0000000004
77.0000000004
77.0000000004
77.0000000004
77.0000000005
77.0000000004
77.0000000004
77.0000000004
77.0000000004
77.0000000004
77.0000000004
77.0000000004
77.0000000004
77.0000000004
77.0000000004
77.0000000004
77.0000000004
77.0000000004
77.0000000004
77.0000000004
77.0000000004
77.0000000004
77.0000000004
77.0000000005
77.0000000004
77.0000000004
77.0000000004
77.0000000004
77.0000000004
77.0000000004
77.0000000004
77.0000000004
77.0000000004
77.0000000004
77.0000000004
77.0000000004
77.0000000004
77.0000000004
77.0000000004
77.0000000004
77.0000000004
77.0000000004
77.0000000004
77.0000000004
77.0000000004
77.0000000005
77.0000000004
77.0000000004
77.0000000004
77.0000000004
77.0000000004
77.0000000004
77.0000000004
77.0000000004
77.0000000004
77.0000000004
77.0000000004
77.0000000004
77.0000000004
77.0000000004
77.0000000004
77.0000000004
77.0000000004
77.0000000004
77.0000000004
77.0000000004
77.0000000004
77.0000000004
77.0000000004
77.0000000004
77.0000000004
77.0000000004
77.0000000004
77.0000000004
77.0000000004
77.0000000004
77.0000000004
77.0000000004
77.0000000004
77.0000000004
77.0000000004
77.0000000004
77.0000000005
77.0000000004
77.0000000004
77.0000000004
77
77.0000000005
77.0000000005
77.0000000005
77.0000000005
77.0000000005
77.0000000005
77.0000000005
77.0000000005
77.0000000005
77.0000000005
77.0000000005
77.0000000005
77.0000000005
77.0000000005
77.0000000005
77.0000000005
77.0000000005
77.0000000005
77.0000000005
77.0000000005
77.0000000005
77.0000000005
77.0000000005
77.0000000005
77.0000000005
77.0000000005
77.0000000005
77.0000000005
77.0000000005
77.0000000005
77.0000000005
77.0000000005
77.0000000005
77.0000000005
77.0000000005
77.0000000005
77.0000000005
77.0000000005
77.0000000005
77.0000000005
77.0000000005
77.0000000005
77.0000000005
77.0000000005
77.0000000005
77.0000000005
77.0000000005
77.0000000005
77.0000000005
77.0000000005
77.0000000005
77.0000000005
77.0000000005
77.0000000005
77.0000000005
77.0000000005
77.0000000005
77.0000000005
77.0000000005
77.0000000005
77.0000000005
77.0000000005
77.0000000005
77.0000000005
77.0000000005
77.0000000005
77.0000000005
77.0000000005
77.0000000005
77.0000000005
77.0000000005
77.0000000005
77.0000000005
77.0000000005
77.0000000005
77.0000000005
77.0000000005
77.0000000005
77.0000000005
77.0000000005
77.0000000005
77.0000000005
77.0000000005
77.0000000005
77.0000000005
77.0000000005
77.0000000005
77.0000000005
77.0000000005
77.0000000005
77.0000000005
77.0000000005
77.0000000005
77.0000000007
77.0000000059
77.0000001464
77.000003912
77.0000914649
77.0025253944
77.0435308487
77.0829416886
77.0436318906
77.0025979909
77.0001048422
77.0000044226
77.00000017
77.0000000069
77.0000000007
77.0000000005
77.0000000005
77.0000000005
77.0000000005
77.0000000005
77.0000000005
77.0000000005
77.0000000005
77.0000000005
77.0000000005
77.0000000005
77.0000000005
77.0000000005
77.0000000005
77.0000000005
77.0000000005
77.0000000005
77.0000000005
77.0000000005
77.0000000005
77.0000000005
77.0000000005
77.0000000005
77.0000000005
77.0000000005
77.0000000005
77.0000000005
77.0000000005
77.0000000005
77.0000000005
77.0000000005
77.0000000005
77.0000000005
77.0000000005
77.0000000005
77.0000000005
77.0000000005
77.0000000005
77.0000000005
77.0000000005
77.0000000005
77.0000000005
77.0000000005
77.0000000005
77.0000000005
77.0000000005
77.0000000005
77.0000000005
77.0000000005
77.0000000005
77.0000000005
77.0000000005
77.0000000005
77.0000000005
77.0000000005
77.0000000005
77.0000000005
77.0000000005
77.0000000005
77.0000000005
77.0000000005
77.0000000005
77.0000000005
77.0000000005
77.0000000005
77.0000000005
77.0000000005
77.0000000005
77.0000000005
77.0000000005
77.0000000005
77.0000000005
77.0000000005
77.0000000005
77.0000000005
77.0000000005
77.0000000005
77.0000000005
77.0000000005
77.0000000005
77.0000000005
77.0000000005
77.0000000005
77.0000000005
77.0000000005
77.0000000005
77.0000000005
77.0000000005
77.0000000005
77.0000000005
77.0000000005
77.0000000004
77
77.0000000005
77.0000000005
77.0000000005
77.0000000005
77.0000000005
77.0000000005
77.0000000005
77.0000000005
77.0000000005
77.0000000005
77.0000000005
77.0000000005
77.0000000005
77.0000000005
77.0000000005
77.0000000005
77.0000000005
77.0000000005
77.0000000005
77.0000000005
77.0000000005
77.0000000005
77.0000000005
77.0000000005
77.0000000005
77.0000000005
77.0000000005
77.0000000005
77.0000000005
77.0000000005
77.0000000005
77.0000000005
77.0000000005
77.0000000005
77.0000000005
77.0000000005
77.0000000005
77.0000000005
77.0000000005
77.0000000005
77.0000000005
77.0000000005
77.0000000005
77.0000000005
77.0000000005
77.0000000005
77.0000000005
77.0000000005
77.0000000005
77.0000000005
77.0000000005
77.0000000005
77.0000000005
77.0000000005
77.0000000005
77.0000000005
77.0000000005
77.0000000005
77.0000000005
77.0000000005
77.0000000005
77.0000000005
77.0000000005
77.0000000005
77.0000000005
77.0000000005
77.0000000005
77.0000000005
77.0000000005
77.0000000005
77.0000000005
77.0000000005
77.0000000005
77.0000000005
77.0000000005
77.0000000005
77.0000000005
77.0000000005
77.0000000005
77.0000000005
77.0000000005
77.0000000005
77.0000000005
77.0000000005
77.0000000005
77.0000000005
77.0000000005
77.0000000005
77.0000000005
77.0000000005
77.0000000005
77.0000000005
77.0000000005
77.0000000007
77.0000000063
77.0000001557
77.0000041589
77.0000972333
77.002684749
77.0462810213
77.088179873
77.0463883442
77.0027619299
77.0001114549
77.0000047016
77.0000001807
77.0000000073
77.0000000008
77.0000000005
77.0000000005
77.0000000005
77.0000000005
77.0000000005
77.0000000005
77.0000000005
77.0000000005
77.0000000005
77.0000000005
77.0000000005
77.0000000005
77.0000000005
77.0000000005
77.0000000005
77.0000000005
77.0000000005
77.0000000005
77.0000000005
77.0000000005
77.0000000005
77.0000000005
77.0000000005
77.0000000005
77.0000000005
77.0000000005
77.0000000005
77.0000000005
77.0000000005
77.0000000005
77.0000000005
77.0000000005
77.0000000005
77.0000000005
77.0000000005
77.0000000005
77.0000000005
77.0000000005
77.0000000005
77.0000000005
77.0000000005
77.0000000005
77.0000000005
77.0000000005
77.0000000005
77.0000000005
77.0000000005
77.0000000005
77.0000000005
77.0000000005
77.0000000005
77.0000000005
77.0000000005
77.0000000005
77.0000000005
77.0000000005
77.0000000005
77.0000000005
77.0000000005
77.0000000005
77.0000000005
77.0000000005
77.0000000005
77.0000000005
77.0000000005
77.0000000005
77.0000000005
77.0000000005
77.0000000005
77.0000000005
77.0000000005
77.0000000005
77.0000000005
77.0000000005
77.0000000005
77.0000000005
77.0000000005
77.0000000005
77.0000000005
77.0000000005
77.0000000005
77.0000000005
77.0000000005
77.0000000005
77.0000000005
77.0000000005
77.0000000005
77.0000000005
77.0000000005
77.0000000005
77.0000000005
77.0000000005
77
77.0000000178
77.0000000179
77.0000000178
77.0000000179
77.0000000179
77.0000000179
77.0000000179
77.0000000179
77.0000000179
77.0000000179
77.0000000178
77.0000000179
77.0000000178
77.0000000178
77.0000000178
77.0000000178
77.0000000179
77.0000000178
77.0000000178
77.0000000178
77.0000000179
77.0000000179
77.0000000179
77.0000000178
77.0000000178
77.0000000179
77.0000000179
77.0000000178
77.0000000178
77.0000000179
77.0000000179
77.0000000179
77.0000000179
77.0000000178
77.0000000179
77.0000000178
77.0000000178
77.0000000179
77.0000000179
77.0000000179
77.0000000178
77.0000000178
77.0000000178
77.0000000179
77.0000000179
77.0000000178
77.0000000178
77.0000000178
77.0000000179
77.0000000179
77.0000000179
77.0000000178
77.0000000179
77.0000000178
77.0000000178
77.0000000179
77.0000000178
77.0000000178
77.0000000179
77.0000000178
77.0000000179
77.0000000178
77.0000000179
77.0000000179
77.0000000177
77.0000000178
77.0000000179
77.0000000179
77.0000000178
77.0000000178
77.0000000179
77.0000000178
77.0000000179
77.0000000178
77.0000000179
77.0000000179
77.0000000178
77.0000000178
77.0000000179
77.0000000178
77.0000000178
77.0000000179
77.0000000178
77.0000000179
77.0000000179
77.0000000179
77.0000000179
77.0000000179
77.000000018
77.0000000179
77.0000000179
77.0000000179
77.0000000181
77.0000000255
77.0000002267
77.0000055881
77.0001485818
77.0034879164
77.0943921681
78.6177468223
80.0774787542
78.6226643572
77.0966715325
77.0039007469
77.0001645829
77.0000063256
77.0000002556
77.0000000265
77.0000000181
77.0000000179
77.0000000179
77.0000000179
77.0000000179
77.0000000179
77.0000000179
77.0000000179
77.0000000179
77.0000000177
77.0000000179
77.0000000179
77.0000000179
77.0000000178
77.0000000179
77.0000000179
77.0000000179
77.0000000179
77.0000000178
77.0000000179
77.0000000179
77.0000000179
77.0000000179
77.0000000179
77.0000000179
77.0000000179
77.0000000178
77.0000000179
77.0000000179
77.0000000179
77.0000000178
77.0000000178
77.0000000178
77.0000000179
77.0000000178
77.0000000179
77.0000000179
77.0000000179
77.0000000179
77.0000000178
77.0000000179
77.0000000178
77.0000000179
77.0000000179
77.0000000178
77.0000000178
77.0000000179
77.0000000179
77.0000000178
77.0000000179
77.0000000179
77.000000018
77.0000000178
77.0000000179
77.0000000179
77.0000000178
77.0000000178
77.0000000178
77.0000000178
77.0000000178
77.0000000178
77.0000000179
77.0000000179
77.0000000178
77.0000000178
77.0000000178
77.0000000178
77.0000000178
77.0000000178
77.0000000178
77.0000000179
77.0000000179
77.0000000178
77.0000000178
77.0000000178
77.0000000178
77.0000000178
77.0000000179
77.0000000179
77.0000000178
77.0000000178
77.0000000179
77.0000000179
77.0000000179
77.0000000178
77.0000000178
77.0000000179
77.0000000179
77.000000018
77.0000000178
77.0000000178
77.0000000163
77
77.0000000351
77.0000000352
77.0000000351
77.0000000353
77.0000000352
77.0000000353
77.0000000353
77.0000000353
77.0000000352
77.0000000352
77.0000000352
77.0000000353
77.0000000351
77.0000000351
77.0000000351
77.0000000352
77.0000000353
77.0000000351
77.0000000351
77.0000000352
77.0000000353
77.0000000353
77.0000000352
77.0000000352
77.0000000351
77.0000000352
77.0000000353
77.0000000352
77.0000000352
77.0000000353
77.0000000353
77.0000000352
77.0000000353
77.000000035
77.0000000353
77.000000035
77.000000035
77.0000000353
77.0000000353
77.0000000352
77.0000000351
77.0000000351
77.0000000351
77.0000000352
77.0000000352
77.0000000352
77.0000000351
77.0000000351
77.0000000353
77.0000000353
77.0000000353
77.0000000351
77.0000000352
77.000000035
77.0000000352
77.0000000353
77.0000000352
77.000000035
77.0000000352
77.0000000352
77.0000000354
77.0000000351
77.0000000352
77.0000000352
77.000000035
77.0000000351
77.0000000352
77.0000000352
77.0000000351
77.0000000352
77.0000000354
77.000000035
77.0000000353
77.0000000352
77.0000000352
77.0000000353
77.0000000352
77.0000000352
77.0000000353
77.0000000351
77.0000000351
77.0000000352
77.0000000351
77.0000000353
77.0000000353
77.0000000353
77.0000000352
77.0000000352
77.0000000354
77.0000000353
77.0000000353
77.0000000353
77.0000000357
77.0000000509
77.0000004648
77.0000114777
77.0003030238
77.007147858
77.1879759653
80.1890416466
83.0553514227
80.1972566444
77.1915527676
77.0077934296
77.0003288625
77.0000126655
77.0000005115
77.0000000526
77.0000000358
77.0000000353
77.0000000352
77.0000000352
77.0000000352
77.0000000352
77.0000000353
77.0000000352
77.0000000352
77.000000035
77.0000000353
77.0000000352
77.0000000353
77.0000000351
77.0000000352
77.0000000352
77.0000000352
77.0000000352
77.0000000351
77.0000000352
77.0000000352
77.0000000352
77.0000000353
77.0000000353
77.0000000353
77.0000000352
77.0000000352
77.0000000352
77.0000000352
77.0000000354
77.0000000351
77.0000000352
77.0000000351
77.0000000353
77.0000000352
77.0000000352
77.0000000352
77.0000000353
77.0000000353
77.0000000351
77.0000000353
77.0000000352
77.0000000353
77.0000000352
77.000000035
77.0000000352
77.0000000352
77.0000000353
77.0000000352
77.0000000353
77.0000000354
77.0000000354
77.0000000351
77.0000000353
77.0000000353
77.0000000351
77.0000000351
77.0000000351
77.0000000351
77.0000000352
77.0000000351
77.0000000352
77.0000000352
77.0000000352
77.0000000351
77.0000000351
77.0000000352
77.0000000351
77.0000000351
77.0000000352
77.0000000352
77.0000000352
77.000000035
77.0000000352
77.0000000351
77.000000035
77.0000000352
77.0000000353
77.0000000352
77.0000000352
77.0000000352
77.0000000352
77.0000000353
77.0000000353
77.0000000352
77.0000000352
77.0000000352
77.0000000353
77.0000000354
77.0000000352
77.000000035
77.0000000321
77
77.0000000524
77.0000000526
77.0000000525
77.0000000526
77.0000000526
77.0000000526
77.0000000527
77.0000000526
77.0000000526
77.0000000525
77.0000000525
77.0000000526
77.0000000524
77.0000000524
77.0000000524
77.0000000525
77.0000000527
77.0000000525
77.0000000524
77.0000000525
77.0000000527
77.0000000527
77.0000000526
77.0000000525
77.0000000524
77.0000000525
77.0000000526
77.0000000525
77.0000000525
77.0000000526
77.0000000526
77.0000000526
77.0000000527
77.0000000523
77.0000000527
77.0000000523
77.0000000523
77.0000000527
77.0000000527
77.0000000526
77.0000000524
77.0000000524
77.0000000524
77.0000000526
77.0000000525
77.0000000525
77.0000000524
77.0000000524
77.0000000526
77.0000000527
77.0000000526
77.0000000524
77.0000000526
77.0000000523
77.0000000525
77.0000000526
77.0000000525
77.0000000523
77.0000000526
77.0000000525
77.0000000528
77.0000000524
77.0000000526
77.0000000525
77.0000000522
77.0000000525
77.0000000526
77.0000000526
77.0000000524
77.0000000525
77.0000000528
77.0000000523
77.0000000526
77.0000000525
77.0000000526
77.0000000527
77.0000000525
77.0000000525
77.0000000527
77.0000000524
77.0000000524
77.0000000526
77.0000000523
77.0000000528
77.0000000527
77.0000000527
77.0000000526
77.0000000526
77.0000000529
77.0000000526
77.0000000527
77.0000000526
77.0000000533
77.0000000775
77.0000007338
77.0000181615
77.0004750256
77.0112532588
77.2848332744
81.7652031663
86.0296275371
81.7752385773
77.2887808524
77.0119656213
77.000505035
77.0000195376
77.0000007885
77.0000000795
77.0000000534
77.0000000527
77.0000000526
77.0000000526
77.0000000526
77.0000000526
77.0000000527
77.0000000526
77.0000000526
77.0000000522
77.0000000528
77.0000000526
77.0000000527
77.0000000524
77.0000000525
77.0000000526
77.0000000526
77.0000000525
77.0000000525
77.0000000526
77.0000000526
77.0000000526
77.0000000526
77.0000000527
77.0000000526
77.0000000526
77.0000000525
77.0000000526
77.0000000526
77.0000000528
77.0000000524
77.0000000525
77.0000000524
77.0000000527
77.0000000525
77.0000000526
77.0000000526
77.0000000527
77.0000000528
77.0000000524
77.0000000527
77.0000000525
77.0000000526
77.0000000525
77.0000000523
77.0000000525
77.0000000526
77.0000000527
77.0000000525
77.0000000527
77.0000000528
77.0000000529
77.0000000524
77.0000000527
77.0000000527
77.0000000524
77.0000000523
77.0000000524
77.0000000524
77.0000000525
77.0000000524
77.0000000526
77.0000000526
77.0000000525
77.0000000524
77.0000000524
77.0000000525
77.0000000525
77.0000000525
77.0000000525
77.0000000526
77.0000000526
77.0000000523
77.0000000525
77.0000000524
77.0000000523
77.0000000525
77.0000000526
77.0000000525
77.0000000525
77.0000000525
77.0000000526
77.0000000526
77.0000000528
77.0000000525
77.0000000525
77.0000000525
77.0000000526
77.0000000528
77.0000000525
77.0000000523
77.000000048
77
77.0000000697
77.0000000699
77.0000000698
77.00000007
77.00000007
77.00000007
77.0000000701
77.00000007
77.00000007
77.0000000699
77.0000000698
77.00000007
77.0000000697
77.0000000697
77.0000000697
77.0000000698
77.0000000701
77.0000000698
77.0000000698
77.0000000698
77.0000000702
77.0000000701
77.0000000699
77.0000000698
77.0000000698
77.0000000699
77.00000007
77.0000000698
77.0000000698
77.00000007
77.00000007
77.00000007
77.00000007
77.0000000696
77.00000007
77.0000000696
77.0000000696
77.0000000701
77.0000000701
77.0000000699
77.0000000696
77.0000000697
77.0000000698
77.0000000699
77.0000000699
77.0000000698
77.0000000697
77.0000000697
77.00000007
77.0000000701
77.00000007
77.0000000697
77.00000007
77.0000000696
77.0000000698
77.00000007
77.0000000699
77.0000000695
77.00000007
77.0000000699
77.0000000702
77.0000000696
77.0000000699
77.0000000699
77.0000000695
77.0000000698
77.00000007
77.0000000699
77.0000000696
77.0000000698
77.0000000702
77.0000000696
77.00000007
77.0000000698
77.00000007
77.0000000701
77.0000000698
77.0000000698
77.00000007
77.0000000698
77.0000000697
77.00000007
77.0000000696
77.0000000702
77.0000000701
77.0000000702
77.0000000699
77.00000007
77.0000000703
77.00000007
77.0000000701
77.00000007
77.000000071
77.0000001059
77.0000010492
77.0000260156
77.0006730079
77.0159729982
77.3862660941
83.3509187578
89.0075270025
83.3614057056
77.389709027
77.0165921402
77.0007009326
77.0000272955
77.0000011007
77.0000001077
77.0000000712
77.0000000701
77.0000000699
77.00000007
77.0000000699
77.00000007
77.0000000701
77.0000000699
77.0000000699
77.0000000694
77.0000000702
77.0000000699
77.00000007
77.0000000697
77.0000000699
77.0000000699
77.00000007
77.0000000699
77.0000000698
77.00000007
77.0000000699
77.00000007
77.00000007
77.0000000701
77.00000007
77.0000000699
77.0000000698
77.00000007
77.00000007
77.0000000702
77.0000000697
77.0000000699
77.0000000697
77.0000000701
77.0000000699
77.00000007
77.00000007
77.0000000701
77.0000000702
77.0000000697
77.0000000701
77.0000000698
77.00000007
77.0000000699
77.0000000695
77.0000000699
77.00000007
77.0000000701
77.0000000698
77.0000000701
77.0000000702
77.0000000703
77.0000000697
77.0000000701
77.0000000701
77.0000000697
77.0000000696
77.0000000696
77.0000000697
77.0000000698
77.0000000696
77.0000000699
77.00000007
77.0000000698
77.0000000697
77.0000000698
77.0000000699
77.0000000698
77.0000000698
77.0000000698
77.0000000699
77.00000007
77.0000000696
77.0000000698
77.0000000697
77.0000000696
77.0000000698
77.00000007
77.0000000699
77.0000000698
77.0000000699
77.00000007
77.00000007
77.0000000702
77.0000000698
77.0000000698
77.0000000699
77.00000007
77.0000000703
77.0000000698
77.0000000696
77.0000000638
77
77.000000087
77.0000000873
77.0000000871
77.0000000874
77.0000000873
77.0000000874
77.0000000875
77.0000000874
77.0000000873
77.0000000872
77.0000000871
77.0000000874
77.0000000871
77.000000087
77.0000000871
77.0000000872
77.0000000875
77.0000000871
77.0000000871
77.0000000872
77.0000000876
77.0000000875
77.0000000873
77.0000000872
77.0000000871
77.0000000872
77.0000000874
77.0000000871
77.0000000872
77.0000000874
77.0000000874
77.0000000873
77.0000000874
77.0000000868
77.0000000874
77.0000000869
77.0000000869
77.0000000875
77.0000000875
77.0000000873
77.0000000869
77.000000087
77.0000000871
77.0000000873
77.0000000872
77.0000000872
77.000000087
77.0000000869
77.0000000874
77.0000000875
77.0000000874
77.000000087
77.0000000873
77.0000000868
77.0000000871
77.0000000874
77.0000000872
77.0000000868
77.0000000873
77.0000000872
77.0000000877
77.0000000869
77.0000000873
77.0000000872
77.0000000867
77.0000000871
77.0000000873
77.0000000873
77.0000000869
77.0000000872
77.0000000877
77.0000000868
77.0000000874
77.0000000871
77.0000000873
77.0000000874
77.0000000871
77.0000000871
77.0000000874
77.0000000871
77.000000087
77.0000000873
77.0000000869
77.0000000876
77.0000000875
77.0000000876
77.0000000873
77.0000000874
77.0000000878
77.0000000874
77.0000000875
77.0000000874
77.0000000888
77.0000001368
77.0000014289
77.0000354699
77.0009064648
77.0214652377
77.4934331209
84.9503150364
91.9957642404
84.9600893735
77.4956027964
77.0218440515
77.000925008
77.0000363224
77.0000014637
77.0000001379
77.0000000889
77.0000000875
77.0000000873
77.0000000873
77.0000000873
77.0000000874
77.0000000875
77.0000000873
77.0000000873
77.0000000867
77.0000000876
77.0000000873
77.0000000874
77.000000087
77.0000000872
77.0000000873
77.0000000874
77.0000000872
77.0000000871
77.0000000873
77.0000000873
77.0000000873
77.0000000874
77.0000000875
77.0000000874
77.0000000873
77.0000000872
77.0000000873
77.0000000873
77.0000000877
77.000000087
77.0000000872
77.000000087
77.0000000875
77.0000000872
77.0000000873
77.0000000873
77.0000000875
77.0000000876
77.000000087
77.0000000875
77.0000000871
77.0000000874
77.0000000872
77.0000000868
77.0000000872
77.0000000873
77.0000000875
77.0000000871
77.0000000875
77.0000000876
77.0000000878
77.000000087
77.0000000875
77.0000000875
77.0000000871
77.0000000869
77.0000000869
77.000000087
77.0000000871
77.0000000869
77.0000000872
77.0000000873
77.0000000871
77.000000087
77.0000000871
77.0000000872
77.0000000871
77.0000000871
77.0000000872
77.0000000873
77.0000000873
77.0000000869
77.0000000872
77.000000087
77.0000000868
77.0000000872
77.0000000874
77.0000000872
77.0000000871
77.0000000872
77.0000000873
77.0000000874
77.0000000876
77.0000000871
77.0000000872
77.0000000872
77.0000000874
77.0000000877
77.0000000871
77.0000000868
77.0000000797
77
77.0000001042
77.0000001046
77.0000001044
77.0000001048
77.0000001047
77.0000001048
77.0000001048
77.0000001047
77.0000001047
77.0000001046
77.0000001045
77.0000001047
77.0000001044
77.0000001043
77.0000001044
77.0000001045
77.000000105
77.0000001044
77.0000001044
77.0000001045
77.000000105
77.0000001048
77.0000001046
77.0000001045
77.0000001044
77.0000001046
77.0000001047
77.0000001044
77.0000001045
77.0000001047
77.0000001048
77.0000001047
77.0000001048
77.0000001041
77.0000001048
77.0000001041
77.0000001041
77.0000001049
77.0000001048
77.0000001047
77.0000001042
77.0000001043
77.0000001044
77.0000001047
77.0000001046
77.0000001045
77.0000001043
77.0000001042
77.0000001048
77.0000001049
77.0000001048
77.0000001043
77.0000001047
77.0000001041
77.0000001045
77.0000001048
77.0000001045
77.0000001041
77.0000001047
77.0000001045
77.0000001051
77.0000001042
77.0000001047
77.0000001046
77.0000001039
77.0000001044
77.0000001047
77.0000001046
77.0000001042
77.0000001045
77.0000001051
77.0000001041
77.0000001047
77.0000001044
77.0000001047
77.0000001048
77.0000001044
77.0000001044
77.0000001048
77.0000001044
77.0000001043
77.0000001047
77.0000001041
77.000000105
77.0000001049
77.000000105
77.0000001047
77.0000001047
77.0000001052
77.0000001047
77.0000001049
77.0000001048
77.0000001068
77.0000001711
77.0000018944
77.0000470252
77.0011860636
77.0278727495
77.6072962919
86.5669473579
95.0007187391
86.5749767469
77.6075929233
77.0278856885
77.0011865905
77.0000470457
77.0000018952
77.0000001708
77.0000001068
77.0000001049
77.0000001047
77.0000001047
77.0000001046
77.0000001047
77.0000001049
77.0000001046
77.0000001046
77.0000001039
77.000000105
77.0000001046
77.0000001048
77.0000001043
77.0000001046
77.0000001046
77.0000001047
77.0000001046
77.0000001044
77.0000001047
77.0000001047
77.0000001047
77.0000001047
77.0000001049
77.0000001047
77.0000001046
77.0000001045
77.0000001047
77.0000001047
77.0000001051
77.0000001043
77.0000001045
77.0000001043
77.0000001049
77.0000001045
77.0000001047
77.0000001047
77.0000001049
77.000000105
77.0000001043
77.0000001049
77.0000001044
77.0000001048
77.0000001046
77.000000104
77.0000001045
77.0000001047
77.0000001049
77.0000001044
77.0000001049
77.0000001051
77.0000001053
77.0000001043
77.0000001049
77.0000001048
77.0000001044
77.0000001041
77.0000001042
77.0000001043
77.0000001045
77.0000001042
77.0000001046
77.0000001047
77.0000001044
77.0000001043
77.0000001044
77.0000001045
77.0000001044
77.0000001044
77.0000001045
77.0000001046
77.0000001047
77.0000001041
77.0000001045
77.0000001043
77.0000001041
77.0000001045
77.0000001048
77.0000001046
77.0000001044
77.0000001045
77.0000001047
77.0000001048
77.000000105
77.0000001044
77.0000001045
77.0000001046
77.0000001048
77.0000001052
77.0000001045
77.0000001041
77.0000000956
77
77.0000001042
77.0000001046
77.0000001044
77.0000001048
77.0000001047
77.0000001048
77.0000001049
77.0000001048
77.0000001047
77.0000001046
77.0000001045
77.0000001048
77.0000001044
77.0000001043
77.0000001044
77.0000001045
77.000000105
77.0000001044
77.0000001044
77.0000001045
77.000000105
77.0000001049
77.0000001046
77.0000001045
77.0000001044
77.0000001046
77.0000001048
77.0000001044
77.0000001045
77.0000001047
77.0000001048
77.0000001047
77.0000001048
77.0000001041
77.0000001048
77.0000001041
77.0000001041
77.0000001049
77.0000001049
77.0000001047
77.0000001042
77.0000001043
77.0000001044
77.0000001047
77.0000001046
77.0000001045
77.0000001043
77.0000001042
77.0000001048
77.0000001049
77.0000001048
77.0000001043
77.0000001047
77.0000001041
77.0000001045
77.0000001048
77.0000001046
77.0000001041
77.0000001047
77.0000001045
77.0000001051
77.0000001042
77.0000001047
77.0000001046
77.0000001039
77.0000001044
77.0000001047
77.0000001046
77.0000001042
77.0000001045
77.0000001051
77.0000001041
77.0000001047
77.0000001044
77.0000001047
77.0000001048
77.0000001044
77.0000001044
77.0000001048
77.0000001044
77.0000001044
77.0000001047
77.0000001041
77.000000105
77.0000001049
77.000000105
77.0000001047
77.0000001047
77.0000001052
77.0000001047
77.0000001049
77.0000001048
77.0000001068
77.0000001711
77.0000018946
77.0000470296
77.0011861717
77.0278752113
77.6073415997
86.567724649
95.0024105233
86.5757538283
77.607638241
77.0278881507
77.0011866986
77.0000470502
77.0000018954
77.0000001708
77.0000001068
77.0000001049
77.0000001047
77.0000001047
77.0000001047
77.0000001047
77.0000001049
77.0000001047
77.0000001046
77.0000001039
77.000000105
77.0000001046
77.0000001048
77.0000001043
77.0000001046
77.0000001047
77.0000001047
77.0000001046
77.0000001044
77.0000001047
77.0000001047
77.0000001047
77.0000001047
77.0000001049
77.0000001047
77.0000001046
77.0000001045
77.0000001047
77.0000001047
77.0000001051
77.0000001043
77.0000001045
77.0000001043
77.0000001049
77.0000001045
77.0000001047
77.0000001047
77.0000001049
77.000000105
77.0000001043
77.0000001049
77.0000001045
77.0000001048
77.0000001046
77.000000104
77.0000001045
77.0000001047
77.0000001049
77.0000001044
77.0000001049
77.0000001051
77.0000001053
77.0000001043
77.0000001049
77.0000001048
77.0000001044
77.0000001041
77.0000001042
77.0000001044
77.0000001045
77.0000001042
77.0000001046
77.0000001047
77.0000001044
77.0000001043
77.0000001044
77.0000001045
77.0000001044
77.0000001044
77.0000001045
77.0000001046
77.0000001047
77.0000001041
77.0000001045
77.0000001043
77.0000001041
77.0000001045
77.0000001048
77.0000001046
77.0000001044
77.0000001045
77.0000001047
77.0000001048
77.000000105
77.0000001044
77.0000001045
77.0000001046
77.0000001048
77.0000001052
77.0000001045
77.0000001041
77.0000000956
77
77.0000001049
77.0000001053
77.0000001051
77.0000001055
77.0000001054
77.0000001055
77.0000001055
77.0000001054
77.0000001054
77.0000001053
77.0000001052
77.0000001054
77.0000001051
77.000000105
77.000000105
77.0000001052
77.0000001056
77.0000001051
77.0000001051
77.0000001052
77.0000001057
77.0000001055
77.0000001053
77.0000001052
77.0000001051
77.0000001053
77.0000001054
77.0000001051
77.0000001052
77.0000001054
77.0000001054
77.0000001054
77.0000001055
77.0000001048
77.0000001055
77.0000001048
77.0000001048
77.0000001056
77.0000001055
77.0000001054
77.0000001049
77.0000001049
77.0000001051
77.0000001053
77.0000001052
77.0000001052
77.000000105
77.0000001049
77.0000001055
77.0000001056
77.0000001055
77.000000105
77.0000001054
77.0000001048
77.0000001052
77.0000001055
77.0000001052
77.0000001047
77.0000001054
77.0000001052
77.0000001058
77.0000001049
77.0000001054
77.0000001053
77.0000001046
77.0000001051
77.0000001054
77.0000001053
77.0000001049
77.0000001052
77.0000001058
77.0000001048
77.0000001054
77.0000001051
77.0000001054
77.0000001055
77.0000001051
77.0000001051
77.0000001055
77.0000001051
77.000000105
77.0000001054
77.0000001048
77.0000001057
77.0000001056
77.0000001057
77.0000001054
77.0000001054
77.0000001059
77.0000001054
77.0000001056
77.0000001055
77.0000001075
77.0000001727
77.0000019203
77.0000476727
77.0012016587
77.0282273299
77.613582014
86.6588510902
95.1741030923
86.666861803
77.6138827525
77.0282395358
77.0012021439
77.0000476912
77.0000019211
77.0000001724
77.0000001076
77.0000001056
77.0000001054
77.0000001054
77.0000001053
77.0000001054
77.0000001056
77.0000001053
77.0000001053
77.0000001046
77.0000001057
77.0000001053
77.0000001055
77.000000105
77.0000001053
77.0000001053
77.0000001054
77.0000001053
77.0000001051
77.0000001054
77.0000001054
77.0000001054
77.0000001054
77.0000001056
77.0000001054
77.0000001053
77.0000001052
77.0000001054
77.0000001054
77.0000001058
77.000000105
77.0000001052
77.000000105
77.0000001056
77.0000001052
77.0000001054
77.0000001054
77.0000001055
77.0000001057
77.000000105
77.0000001056
77.0000001051
77.0000001054
77.0000001052
77.0000001047
77.0000001052
77.0000001054
77.0000001056
77.0000001051
77.0000001056
77.0000001058
77.000000106
77.000000105
77.0000001056
77.0000001055
77.0000001051
77.0000001048
77.0000001049
77.000000105
77.0000001052
77.0000001049
77.0000001053
77.0000001054
77.0000001051
77.000000105
77.0000001051
77.0000001052
77.0000001051
77.0000001051
77.0000001052
77.0000001053
77.0000001054
77.0000001048
77.0000001052
77.000000105
77.0000001048
77.0000001052
77.0000001055
77.0000001052
77.0000001051
77.0000001052
77.0000001054
77.0000001054
77.0000001057
77.0000001051
77.0000001052
77.0000001053
77.0000001055
77.0000001059
77.0000001052
77.0000001048
77.0000000962
77
77.000000105
77.0000001055
77.0000001053
77.0000001057
77.0000001056
77.0000001057
77.0000001058
77.0000001057
77.0000001056
77.0000001055
77.0000001054
77.0000001057
77.0000001053
77.0000001052
77.0000001053
77.0000001054
77.0000001059
77.0000001054
77.0000001053
77.0000001054
77.0000001059
77.0000001058
77.0000001055
77.0000001054
77.0000001053
77.0000001055
77.0000001057
77.0000001053
77.0000001054
77.0000001057
77.0000001057
77.0000001056
77.0000001057
77.000000105
77.0000001057
77.0000001051
77.000000105
77.0000001058
77.0000001058
77.0000001056
77.0000001051
77.0000001052
77.0000001053
77.0000001056
77.0000001055
77.0000001054
77.0000001052
77.0000001051
77.0000001057
77.0000001058
77.0000001057
77.0000001052
77.0000001056
77.000000105
77.0000001054
77.0000001057
77.0000001055
77.000000105
77.0000001056
77.0000001054
77.000000106
77.0000001051
77.0000001056
77.0000001055
77.0000001048
77.0000001053
77.0000001056
77.0000001055
77.0000001051
77.0000001054
77.000000106
77.000000105
77.0000001057
77.0000001053
77.0000001056
77.0000001057
77.0000001053
77.0000001054
77.0000001057
77.0000001053
77.0000001053
77.0000001056
77.000000105
77.000000106
77.0000001058
77.0000001059
77.0000001056
77.0000001057
77.0000001061
77.0000001057
77.0000001059
77.0000001057
77.0000001077
77.0000001739
77.0000019458
77.0000483204
77.0012172552
77.028581522
77.6198325239
86.7499429566
95.3457740405
86.7579305967
77.6201372849
77.0285929842
77.0012176978
77.0000483369
77.0000019464
77.0000001736
77.0000001078
77.0000001058
77.0000001056
77.0000001056
77.0000001056
77.0000001056
77.0000001058
77.0000001056
77.0000001056
77.0000001048
77.0000001059
77.0000001055
77.0000001057
77.0000001052
77.0000001055
77.0000001056
77.0000001056
77.0000001055
77.0000001053
77.0000001056
77.0000001056
77.0000001056
77.0000001057
77.0000001058
77.0000001057
77.0000001055
77.0000001054
77.0000001056
77.0000001056
77.000000106
77.0000001052
77.0000001054
77.0000001053
77.0000001058
77.0000001054
77.0000001056
77.0000001056
77.0000001058
77.0000001059
77.0000001052
77.0000001058
77.0000001054
77.0000001057
77.0000001055
77.0000001049
77.0000001054
77.0000001056
77.0000001059
77.0000001053
77.0000001058
77.000000106
77.0000001062
77.0000001053
77.0000001058
77.0000001058
77.0000001053
77.0000001051
77.0000001051
77.0000001053
77.0000001054
77.0000001051
77.0000001055
77.0000001056
77.0000001053
77.0000001052
77.0000001053
77.0000001054
77.0000001053
77.0000001053
77.0000001054
77.0000001055
77.0000001056
77.0000001051
77.0000001054
77.0000001052
77.000000105
77.0000001054
77.0000001057
77.0000001055
77.0000001053
77.0000001055
77.0000001056
77.0000001057
77.0000001059
77.0000001053
77.0000001054
77.0000001055
77.0000001057
77.0000001061
77.0000001054
77.000000105
77.0000000963
77
77.000000105
77.0000001055
77.0000001053
77.0000001057
77.0000001056
77.0000001057
77.0000001058
77.0000001057
77.0000001056
77.0000001055
77.0000001054
77.0000001057
77.0000001053
77.0000001052
77.0000001053
77.0000001054
77.0000001059
77.0000001054
77.0000001053
77.0000001054
77.0000001059
77.0000001058
77.0000001055
77.0000001054
77.0000001053
77.0000001055
77.0000001057
77.0000001053
77.0000001054
77.0000001057
77.0000001057
77.0000001056
77.0000001057
77.000000105
77.0000001057
77.0000001051
77.000000105
77.0000001058
77.0000001058
77.0000001056
77.0000001051
77.0000001052
77.0000001053
77.0000001056
77.0000001055
77.0000001054
77.0000001052
77.0000001051
77.0000001057
77.0000001058
77.0000001057
77.0000001052
77.0000001056
77.000000105
77.0000001054
77.0000001057
77.0000001055
77.000000105
77.0000001056
77.0000001054
77.000000106
77.0000001051
77.0000001056
77.0000001055
77.0000001048
77.0000001053
77.0000001056
77.0000001055
77.0000001051
77.0000001054
77.000000106
77.000000105
77.0000001057
77.0000001053
77.0000001056
77.0000001057
77.0000001053
77.0000001054
77.0000001057
77.0000001053
77.0000001053
77.0000001056
77.000000105
77.000000106
77.0000001058
77.0000001059
77.0000001056
77.0000001057
77.0000001061
77.0000001057
77.0000001059
77.0000001057
77.0000001077
77.0000001739
77.0000019467
77.0000483441
77.0012178271
77.0285944749
77.6200576061
86.7532718217
95.3521287583
86.7612578638
77.6203618806
77.0286058285
77.0012182636
77.0000483603
77.0000019474
77.0000001736
77.0000001078
77.0000001058
77.0000001056
77.0000001056
77.0000001056
77.0000001056
77.0000001058
77.0000001056
77.0000001056
77.0000001048
77.0000001059
77.0000001055
77.0000001057
77.0000001052
77.0000001055
77.0000001056
77.0000001056
77.0000001055
77.0000001053
77.0000001056
77.0000001056
77.0000001056
77.0000001057
77.0000001058
77.0000001057
77.0000001055
77.0000001054
77.0000001056
77.0000001056
77.000000106
77.0000001052
77.0000001054
77.0000001053
77.0000001058
77.0000001054
77.0000001056
77.0000001056
77.0000001058
77.0000001059
77.0000001052
77.0000001058
77.0000001054
77.0000001057
77.0000001055
77.0000001049
77.0000001054
77.0000001056
77.0000001059
77.0000001053
77.0000001058
77.000000106
77.0000001062
77.0000001053
77.0000001058
77.0000001058
77.0000001053
77.0000001051
77.0000001051
77.0000001053
77.0000001054
77.0000001051
77.0000001055
77.0000001056
77.0000001053
77.0000001052
77.0000001053
77.0000001054
77.0000001053
77.0000001053
77.0000001054
77.0000001055
77.0000001056
77.0000001051
77.0000001054
77.0000001052
77.000000105
77.0000001054
77.0000001057
77.0000001055
77.0000001053
77.0000001055
77.0000001056
77.0000001057
77.0000001059
77.0000001053
77.0000001054
77.0000001055
77.0000001057
77.0000001061
77.0000001054
77.000000105
77.0000000963
77
77.000000105
77.0000001055
77.0000001053
77.0000001057
77.0000001056
77.0000001057
77.0000001058
77.0000001057
77.0000001056
77.0000001055
77.0000001054
77.0000001057
77.0000001053
77.0000001052
77.0000001053
77.0000001054
77.0000001059
77.0000001054
77.0000001053
77.0000001054
77.0000001059
77.0000001058
77.0000001055
77.0000001054
77.0000001053
77.0000001055
77.0000001057
77.0000001053
77.0000001054
77.0000001057
77.0000001057
77.0000001056
77.0000001057
77.000000105
77.0000001057
77.0000001051
77.000000105
77.0000001058
77.0000001058
77.0000001056
77.0000001051
77.0000001052
77.0000001053
77.0000001056
77.0000001055
77.0000001054
77.0000001052
77.0000001051
77.0000001057
77.0000001058
77.0000001057
77.0000001052
77.0000001056
77.000000105
77.0000001054
77.0000001057
77.0000001055
77.000000105
77.0000001056
77.0000001054
77.000000106
77.0000001051
77.0000001056
77.0000001055
77.0000001048
77.0000001053
77.0000001056
77.0000001055
77.0000001051
77.0000001054
77.000000106
77.000000105
77.0000001057
77.0000001053
77.0000001056
77.0000001057
77.0000001053
77.0000001054
77.0000001057
77.0000001053
77.0000001053
77.0000001056
77.000000105
77.000000106
77.0000001058
77.0000001059
77.0000001056
77.0000001057
77.0000001061
77.0000001057
77.0000001059
77.0000001057
77.0000001078
77.000000174
77.0000019476
77.0000483675
77.0012183875
77.0286071436
77.6202763622
86.7566082937
95.3585107436
86.7645927732
77.6205801482
77.0286183884
77.001218818
77.0000483834
77.0000019483
77.0000001737
77.0000001078
77.0000001058
77.0000001056
77.0000001056
77.0000001056
77.0000001056
77.0000001058
77.0000001056
77.0000001056
77.0000001048
77.0000001059
77.0000001055
77.0000001057
77.0000001052
77.0000001055
77.0000001056
77.0000001056
77.0000001055
77.0000001053
77.0000001056
77.0000001056
77.0000001056
77.0000001057
77.0000001058
77.0000001056
77.0000001055
77.0000001054
77.0000001056
77.0000001056
77.000000106
77.0000001052
77.0000001054
77.0000001053
77.0000001058
77.0000001054
77.0000001056
77.0000001056
77.0000001058
77.0000001059
77.0000001052
77.0000001058
77.0000001054
77.0000001057
77.0000001055
77.0000001049
77.0000001054
77.0000001056
77.0000001059
77.0000001053
77.0000001058
77.000000106
77.0000001062
77.0000001053
77.0000001058
77.0000001058
77.0000001053
77.0000001051
77.0000001051
77.0000001053
77.0000001054
77.0000001051
77.0000001055
77.0000001056
77.0000001053
77.0000001052
77.0000001053
77.0000001054
77.0000001053
77.0000001053
77.0000001054
77.0000001055
77.0000001056
77.0000001051
77.0000001054
77.0000001052
77.000000105
77.0000001054
77.0000001057
77.0000001055
77.0000001053
77.0000001055
77.0000001056
77.0000001057
77.0000001059
77.0000001053
77.0000001054
77.0000001055
77.0000001057
77.0000001061
77.0000001054
77.000000105
77.0000000963
77
77.000000105
77.0000001055
77.0000001053
77.0000001057
77.0000001056
77.0000001057
77.0000001058
77.0000001057
77.0000001056
77.0000001055
77.0000001054
77.0000001057
77.0000001053
77.0000001052
77.0000001053
77.0000001054
77.0000001059
77.0000001054
77.0000001053
77.0000001054
77.0000001059
77.0000001058
77.0000001055
77.0000001054
77.0000001053
77.0000001055
77.0000001057
77.0000001053
77.0000001054
77.0000001057
77.0000001057
77.0000001056
77.0000001057
77.000000105
77.0000001057
77.0000001051
77.000000105
77.0000001058
77.0000001058
77.0000001056
77.0000001051
77.0000001052
77.0000001053
77.0000001056
77.0000001055
77.0000001054
77.0000001052
77.0000001051
77.0000001057
77.0000001058
77.0000001057
77.0000001052
77.0000001056
77.000000105
77.0000001054
77.0000001057
77.0000001055
77.000000105
77.0000001056
77.0000001054
77.000000106
77.0000001051
77.0000001056
77.0000001055
77.0000001048
77.0000001053
77.0000001056
77.0000001055
77.0000001051
77.0000001054
77.000000106
77.000000105
77.0000001057
77.0000001053
77.0000001056
77.0000001057
77.0000001053
77.0000001054
77.0000001057
77.0000001053
77.0000001053
77.0000001056
77.000000105
77.000000106
77.0000001058
77.0000001059
77.0000001056
77.0000001057
77.0000001061
77.0000001057
77.0000001059
77.0000001057
77.0000001078
77.000000174
77.000001949
77.0000484038
77.00121926
77.0286268279
77.6206156696
86.7624000532
95.3699746383
86.7703800067
77.6209170348
77.0286376998
77.0012196703
77.0000484188
77.0000019496
77.0000001737
77.0000001078
77.0000001058
77.0000001056
77.0000001056
77.0000001056
77.0000001056
77.0000001058
77.0000001056
77.0000001056
77.0000001048
77.0000001059
77.0000001055
77.0000001057
77.0000001052
77.0000001055
77.0000001056
77.0000001056
77.0000001055
77.0000001053
77.0000001056
77.0000001056
77.0000001056
77.0000001057
77.0000001058
77.0000001056
77.0000001055
77.0000001054
77.0000001056
77.0000001056
77.000000106
77.0000001052
77.0000001054
77.0000001053
77.0000001058
77.0000001054
77.0000001056
77.0000001056
77.0000001058
77.0000001059
77.0000001052
77.0000001058
77.0000001054
77.0000001057
77.0000001055
77.0000001049
77.0000001054
77.0000001056
77.0000001059
77.0000001053
77.0000001058
77.000000106
77.0000001062
77.0000001053
77.0000001058
77.0000001058
77.0000001053
77.0000001051
77.0000001051
77.0000001053
77.0000001054
77.0000001051
77.0000001055
77.0000001056
77.0000001053
77.0000001052
77.0000001053
77.0000001054
77.0000001053
77.0000001053
77.0000001054
77.0000001055
77.0000001056
77.0000001051
77.0000001054
77.0000001052
77.000000105
77.0000001054
77.0000001057
77.0000001055
77.0000001053
77.0000001055
77.0000001056
77.0000001057
77.0000001059
77.0000001053
77.0000001054
77.0000001055
77.0000001057
77.0000001061
77.0000001054
77.000000105
77.0000000963
77
77.000000105
77.0000001055
77.0000001053
77.0000001057
77.0000001056
77.0000001057
77.0000001058
77.0000001057
77.0000001056
77.0000001055
77.0000001054
77.0000001057
77.0000001053
77.0000001052
77.0000001053
77.0000001054
77.0000001059
77.0000001054
77.0000001053
77.0000001054
77.0000001059
77.0000001058
77.0000001055
77.0000001054
77.0000001053
77.0000001055
77.0000001057
77.0000001053
77.0000001054
77.0000001057
77.0000001057
77.0000001056
77.0000001057
77.000000105
77.0000001057
77.0000001051
77.000000105
77.0000001058
77.0000001058
77.0000001056
77.0000001051
77.0000001052
77.0000001053
77.0000001056
77.0000001055
77.0000001054
77.0000001052
77.0000001051
77.0000001057
77.0000001058
77.0000001057
77.0000001052
77.0000001056
77.000000105
77.0000001054
77.0000001057
77.0000001055
77.000000105
77.0000001056
77.0000001054
77.000000106
77.0000001051
77.0000001056
77.0000001055
77.0000001048
77.0000001053
77.0000001056
77.0000001055
77.0000001051
77.0000001054
77.000000106
77.000000105
77.0000001057
77.0000001053
77.0000001056
77.0000001057
77.0000001053
77.0000001054
77.0000001057
77.0000001053
77.0000001053
77.0000001056
77.000000105
77.000000106
77.0000001058
77.0000001059
77.0000001056
77.0000001057
77.0000001061
77.0000001057
77.0000001059
77.0000001057
77.0000001078
77.0000001741
77.0000019502
77.0000484354
77.0012200178
77.0286439163
77.620910012
86.7682243276
95.3815873798
86.7761999187
77.6212089276
77.0286544138
77.0012204076
77.0000484494
77.0000019508
77.0000001738
77.0000001078
77.0000001058
77.0000001056
77.0000001056
77.0000001056
77.0000001056
77.0000001058
77.0000001056
77.0000001056
77.0000001048
77.0000001059
77.0000001055
77.0000001057
77.0000001052
77.0000001055
77.0000001056
77.0000001056
77.0000001055
77.0000001053
77.0000001056
77.0000001056
77.0000001056
77.0000001057
77.0000001058
77.0000001056
77.0000001055
77.0000001054
77.0000001056
77.0000001056
77.000000106
77.0000001052
77.0000001054
77.0000001053
77.0000001058
77.0000001054
77.0000001056
77.0000001056
77.0000001058
77.0000001059
77.0000001052
77.0000001058
77.0000001054
77.0000001057
77.0000001055
77.0000001049
77.0000001054
77.0000001056
77.0000001059
77.0000001053
77.0000001058
77.000000106
77.0000001062
77.0000001053
77.0000001058
77.0000001058
77.0000001053
77.0000001051
77.0000001051
77.0000001053
77.0000001054
77.0000001051
77.0000001055
77.0000001056
77.0000001053
77.0000001052
77.0000001053
77.0000001054
77.0000001053
77.0000001053
77.0000001054
77.0000001055
77.0000001056
77.0000001051
77.0000001054
77.0000001052
77.000000105
77.0000001054
77.0000001057
77.0000001055
77.0000001053
77.0000001055
77.0000001056
77.0000001057
77.0000001059
77.0000001053
77.0000001054
77.0000001055
77.0000001057
77.0000001061
77.0000001054
77.000000105
77.0000000963
77
77.000000105
77.0000001055
77.0000001053
77.0000001057
77.0000001056
77.0000001057
77.0000001058
77.0000001057
77.0000001056
77.0000001055
77.0000001054
77.0000001057
77.0000001053
77.0000001052
77.0000001053
77.0000001054
77.0000001059
77.0000001054
77.0000001053
77.0000001054
77.0000001059
77.0000001058
77.0000001055
77.0000001054
77.0000001053
77.0000001055
77.0000001057
77.0000001053
77.0000001054
77.0000001057
77.0000001057
77.0000001056
77.0000001057
77.000000105
77.0000001057
77.0000001051
77.000000105
77.0000001058
77.0000001058
77.0000001056
77.0000001051
77.0000001052
77.0000001053
77.0000001056
77.0000001055
77.0000001054
77.0000001052
77.0000001051
77.0000001057
77.0000001058
77.0000001057
77.0000001052
77.0000001056
77.000000105
77.0000001054
77.0000001057
77.0000001055
77.000000105
77.0000001056
77.0000001054
77.000000106
77.0000001051
77.0000001056
77.0000001055
77.0000001048
77.0000001053
77.0000001056
77.0000001055
77.0000001051
77.0000001054
77.000000106
77.000000105
77.0000001057
77.0000001053
77.0000001056
77.0000001057
77.0000001053
77.0000001054
77.0000001057
77.0000001053
77.0000001053
77.0000001056
77.000000105
77.000000106
77.0000001058
77.0000001059
77.0000001056
77.0000001057
77.0000001061
77.0000001057
77.0000001059
77.0000001057
77.0000001078
77.0000001741
77.0000019513
77.0000484622
77.0012206607
77.0286584075
77.6211593603
86.7740811408
95.3933491018
86.7820525332
77.6214557978
77.0286685292
77.0012210301
77.0000484753
77.0000019518
77.0000001738
77.0000001078
77.0000001058
77.0000001056
77.0000001056
77.0000001056
77.0000001056
77.0000001058
77.0000001056
77.0000001056
77.0000001048
77.0000001059
77.0000001055
77.0000001057
77.0000001052
77.0000001055
77.0000001056
77.0000001056
77.0000001055
77.0000001053
77.0000001056
77.0000001056
77.0000001056
77.0000001057
77.0000001058
77.0000001056
77.0000001055
77.0000001054
77.0000001056
77.0000001056
77.000000106
77.0000001052
77.0000001054
77.0000001053
77.0000001058
77.0000001054
77.0000001056
77.0000001056
77.0000001058
77.0000001059
77.0000001052
77.0000001058
77.0000001054
77.0000001057
77.0000001055
77.0000001049
77.0000001054
77.0000001056
77.0000001059
77.0000001053
77.0000001058
77.000000106
77.0000001062
77.0000001053
77.0000001058
77.0000001058
77.0000001053
77.0000001051
77.0000001051
77.0000001053
77.0000001054
77.0000001051
77.0000001055
77.0000001056
77.0000001053
77.0000001052
77.0000001053
77.0000001054
77.0000001053
77.0000001053
77.0000001054
77.0000001055
77.0000001056
77.0000001051
77.0000001054
77.0000001052
77.000000105
77.0000001054
77.0000001057
77.0000001055
77.0000001053
77.0000001055
77.0000001056
77.0000001057
77.0000001059
77.0000001053
77.0000001054
77.0000001055
77.0000001057
77.0000001061
77.0000001054
77.000000105
77.0000000963
77
77.000000105
77.0000001055
77.0000001053
77.0000001057
77.0000001056
77.0000001057
77.0000001058
77.0000001057
77.0000001056
77.0000001055
77.0000001054
77.0000001057
77.0000001053
77.0000001052
77.0000001053
77.0000001054
77.0000001059
77.0000001054
77.0000001053
77.0000001054
77.0000001059
77.0000001058
77.0000001055
77.0000001054
77.0000001053
77.0000001055
77.0000001057
77.0000001053
77.0000001054
77.0000001057
77.0000001057
77.0000001056
77.0000001057
77.000000105
77.0000001057
77.0000001051
77.000000105
77.0000001058
77.0000001058
77.0000001056
77.0000001051
77.0000001052
77.0000001053
77.0000001056
77.0000001055
77.0000001054
77.0000001052
77.0000001051
77.0000001057
77.0000001058
77.0000001057
77.0000001052
77.0000001056
77.000000105
77.0000001054
77.0000001057
77.0000001055
77.000000105
77.0000001056
77.0000001054
77.000000106
77.0000001051
77.0000001056
77.0000001055
77.0000001048
77.0000001053
77.0000001056
77.0000001055
77.0000001051
77.0000001054
77.000000106
77.000000105
77.0000001057
77.0000001053
77.0000001056
77.0000001057
77.0000001053
77.0000001054
77.0000001057
77.0000001053
77.0000001053
77.0000001056
77.000000105
77.000000106
77.0000001058
77.0000001059
77.0000001056
77.0000001057
77.0000001061
77.0000001057
77.0000001059
77.0000001057
77.0000001078
77.0000001741
77.0000019522
77.0000484842
77.0012211887
77.0286703002
77.6213636845
86.7799705156
95.4052599391
86.7879378735
77.6216576156
77.0286800449
77.0012215375
77.0000484964
77.0000019527
77.0000001738
77.0000001078
77.0000001058
77.0000001056
77.0000001056
77.0000001056
77.0000001056
77.0000001058
77.0000001056
77.0000001056
77.0000001048
77.0000001059
77.0000001055
77.0000001057
77.0000001052
77.0000001055
77.0000001056
77.0000001056
77.0000001055
77.0000001053
77.0000001056
77.0000001056
77.0000001056
77.0000001057
77.0000001058
77.0000001056
77.0000001055
77.0000001054
77.0000001056
77.0000001056
77.000000106
77.0000001052
77.0000001054
77.0000001053
77.0000001058
77.0000001054
77.0000001056
77.0000001056
77.0000001058
77.0000001059
77.0000001052
77.0000001058
77.0000001054
77.0000001057
77.0000001055
77.0000001049
77.0000001054
77.0000001056
77.0000001059
77.0000001053
77.0000001058
77.000000106
77.0000001062
77.0000001053
77.0000001058
77.0000001058
77.0000001053
77.0000001051
77.0000001051
77.0000001053
77.0000001054
77.0000001051
77.0000001055
77.0000001056
77.0000001053
77.0000001052
77.0000001053
77.0000001054
77.0000001053
77.0000001053
77.0000001054
77.0000001055
77.0000001056
77.0000001051
77.0000001054
77.0000001052
77.000000105
77.0000001054
77.0000001057
77.0000001055
77.0000001053
77.0000001055
77.0000001056
77.0000001057
77.0000001059
77.0000001053
77.0000001054
77.0000001055
77.0000001057
77.0000001061
77.0000001054
77.000000105
77.0000000963
77
77.000000105
77.0000001055
77.0000001053
77.0000001057
77.0000001056
77.0000001057
77.0000001058
77.0000001057
77.0000001056
77.0000001055
77.0000001054
77.0000001057
77.0000001053
77.0000001052
77.0000001053
77.0000001054
77.0000001059
77.0000001054
77.0000001053
77.0000001054
77.0000001059
77.0000001058
77.0000001055
77.0000001054
77.0000001053
77.0000001055
77.0000001057
77.0000001053
77.0000001054
77.0000001057
77.0000001057
77.0000001056
77.0000001057
77.000000105
77.0000001057
77.0000001051
77.000000105
77.0000001058
77.0000001058
77.0000001056
77.0000001051
77.0000001052
77.0000001053
77.0000001056
77.0000001055
77.0000001054
77.0000001052
77.0000001051
77.0000001057
77.0000001058
77.0000001057
77.0000001052
77.0000001056
77.000000105
77.0000001054
77.0000001057
77.0000001055
77.000000105
77.0000001056
77.0000001054
77.000000106
77.0000001051
77.0000001056
77.0000001055
77.0000001048
77.0000001053
77.0000001056
77.0000001055
77.0000001051
77.0000001054
77.000000106
77.000000105
77.0000001057
77.0000001053
77.0000001056
77.0000001057
77.0000001053
77.0000001054
77.0000001057
77.0000001053
77.0000001053
77.0000001056
77.000000105
77.000000106
77.0000001058
77.0000001059
77.0000001056
77.0000001057
77.0000001061
77.0000001057
77.0000001059
77.0000001057
77.0000001078
77.0000001742
77.0000019528
77.0000485015
77.0012216017
77.0286795935
77.6215229537
86.7858924743
95.4173200273
86.7938559617
77.6218143502
77.02868896
77.00122193
77.0000485126
77.0000019533
77.0000001739
77.0000001078
77.0000001058
77.0000001056
77.0000001056
77.0000001056
77.0000001056
77.0000001058
77.0000001056
77.0000001056
77.0000001048
77.0000001059
77.0000001055
77.0000001057
77.0000001052
77.0000001055
77.0000001056
77.0000001056
77.0000001055
77.0000001053
77.0000001056
77.0000001056
77.0000001056
77.0000001057
77.0000001058
77.0000001056
77.0000001055
77.0000001054
77.0000001056
77.0000001056
77.000000106
77.0000001052
77.0000001054
77.0000001053
77.0000001058
77.0000001054
77.0000001056
77.0000001056
77.0000001058
77.0000001059
77.0000001052
77.0000001058
77.0000001054
77.0000001057
77.0000001055
77.0000001049
77.0000001054
77.0000001056
77.0000001059
77.0000001053
77.0000001058
77.000000106
77.0000001062
77.0000001053
77.0000001058
77.0000001058
77.0000001053
77.0000001051
77.0000001051
77.0000001053
77.0000001054
77.0000001051
77.0000001055
77.0000001056
77.0000001053
77.0000001052
77.0000001053
77.0000001054
77.0000001053
77.0000001053
77.0000001054
77.0000001055
77.0000001056
77.0000001051
77.0000001054
77.0000001052
77.000000105
77.0000001054
77.0000001057
77.0000001055
77.0000001053
77.0000001055
77.0000001056
77.0000001057
77.0000001059
77.0000001053
77.0000001054
77.0000001055
77.0000001057
77.0000001061
77.0000001054
77.000000105
77.0000000963
77
77.000000105
77.0000001055
77.0000001053
77.0000001057
77.0000001056
77.0000001057
77.0000001058
77.0000001057
77.0000001056
77.0000001055
77.0000001054
77.0000001057
77.0000001053
77.0000001052
77.0000001053
77.0000001054
77.0000001059
77.0000001054
77.0000001053
77.0000001054
77.0000001059
77.0000001058
77.0000001055
77.0000001054
77.0000001053
77.0000001055
77.0000001057
77.0000001053
77.0000001054
77.0000001057
77.0000001057
77.0000001056
77.0000001057
77.000000105
77.0000001057
77.0000001051
77.000000105
77.0000001058
77.0000001058
77.0000001056
77.0000001051
77.0000001052
77.0000001053
77.0000001056
77.0000001055
77.0000001054
77.0000001052
77.0000001051
77.0000001057
77.0000001058
77.0000001057
77.0000001052
77.0000001056
77.000000105
77.0000001054
77.0000001057
77.0000001055
77.000000105
77.0000001056
77.0000001054
77.000000106
77.0000001051
77.0000001056
77.0000001055
77.0000001048
77.0000001053
77.0000001056
77.0000001055
77.0000001051
77.0000001054
77.000000106
77.000000105
77.0000001057
77.0000001053
77.0000001056
77.0000001057
77.0000001053
77.0000001054
77.0000001057
77.0000001053
77.0000001053
77.0000001056
77.000000105
77.000000106
77.0000001058
77.0000001059
77.0000001056
77.0000001057
77.0000001061
77.0000001057
77.0000001059
77.0000001057
77.0000001078
77.0000001742
77.0000019533
77.0000485139
77.0012218997
77.0286862867
77.6216371359
86.791847038
95.4295295028
86.7998068195
77.6219259698
77.0286952737
77.0012222073
77.0000485241
77.0000019538
77.0000001739
77.0000001078
77.0000001058
77.0000001056
77.0000001056
77.0000001056
77.0000001056
77.0000001058
77.0000001056
77.0000001056
77.0000001048
77.0000001059
77.0000001055
77.0000001057
77.0000001052
77.0000001055
77.0000001056
77.0000001056
77.0000001055
77.0000001053
77.0000001056
77.0000001056
77.0000001056
77.0000001057
77.0000001058
77.0000001056
77.0000001055
77.0000001054
77.0000001056
77.0000001056
77.000000106
77.0000001052
77.0000001054
77.0000001053
77.0000001058
77.0000001054
77.0000001056
77.0000001056
77.0000001058
77.0000001059
77.0000001052
77.0000001058
77.0000001054
77.0000001057
77.0000001055
77.0000001049
77.0000001054
77.0000001056
77.0000001059
77.0000001053
77.0000001058
77.000000106
77.0000001062
77.0000001053
77.0000001058
77.0000001058
77.0000001053
77.0000001051
77.0000001051
77.0000001053
77.0000001054
77.0000001051
77.0000001055
77.0000001056
77.0000001053
77.0000001052
77.0000001053
77.0000001054
77.0000001053
77.0000001053
77.0000001054
77.0000001055
77.0000001056
77.0000001051
77.0000001054
77.0000001052
77.000000105
77.0000001054
77.0000001057
77.0000001055
77.0000001053
77.0000001055
77.0000001056
77.0000001057
77.0000001059
77.0000001053
77.0000001054
77.0000001055
77.0000001057
77.0000001061
77.0000001054
77.000000105
77.0000000963
77
77.000000105
77.0000001055
77.0000001053
77.0000001057
77.0000001056
77.0000001057
77.0000001058
77.0000001057
77.0000001056
77.0000001055
77.0000001054
77.0000001057
77.0000001053
77.0000001052
77.0000001053
77.0000001054
77.0000001059
77.0000001054
77.0000001053
77.0000001054
77.0000001059
77.0000001058
77.0000001055
77.0000001054
77.0000001053
77.0000001055
77.0000001057
77.0000001053
77.0000001054
77.0000001057
77.0000001057
77.0000001056
77.0000001057
77.000000105
77.0000001057
77.0000001051
77.000000105
77.0000001058
77.0000001058
77.0000001056
77.0000001051
77.0000001052
77.0000001053
77.0000001056
77.0000001055
77.0000001054
77.0000001052
77.0000001051
77.0000001057
77.0000001058
77.0000001057
77.0000001052
77.0000001056
77.000000105
77.0000001054
77.0000001057
77.0000001055
77.000000105
77.0000001056
77.0000001054
77.000000106
77.0000001051
77.0000001056
77.0000001055
77.0000001048
77.0000001053
77.0000001056
77.0000001055
77.0000001051
77.0000001054
77.000000106
77.000000105
77.0000001057
77.0000001053
77.0000001056
77.0000001057
77.0000001053
77.0000001054
77.0000001057
77.0000001053
77.0000001053
77.0000001056
77.000000105
77.000000106
77.0000001058
77.0000001059
77.0000001056
77.0000001057
77.0000001061
77.0000001057
77.0000001059
77.0000001057
77.0000001078
77.0000001742
77.0000019536
77.0000485216
77.0012220826
77.0286903793
77.6217061982
86.7978342272
95.4418885032
86.8057904675
77.6219924416
77.0286989857
77.0012223696
77.0000485308
77.000001954
77.0000001739
77.0000001078
77.0000001058
77.0000001056
77.0000001056
77.0000001056
77.0000001056
77.0000001058
77.0000001056
77.0000001056
77.0000001048
77.0000001059
77.0000001055
77.0000001057
77.0000001052
77.0000001055
77.0000001056
77.0000001056
77.0000001055
77.0000001053
77.0000001056
77.0000001056
77.0000001056
77.0000001057
77.0000001058
77.0000001056
77.0000001055
77.0000001054
77.0000001056
77.0000001056
77.000000106
77.0000001052
77.0000001054
77.0000001053
77.0000001058
77.0000001054
77.0000001056
77.0000001056
77.0000001058
77.0000001059
77.0000001052
77.0000001058
77.0000001054
77.0000001057
77.0000001055
77.0000001049
77.0000001054
77.0000001056
77.0000001059
77.0000001053
77.0000001058
77.000000106
77.0000001062
77.0000001053
77.0000001058
77.0000001058
77.0000001053
77.0000001051
77.0000001051
77.0000001053
77.0000001054
77.0000001051
77.0000001055
77.0000001056
77.0000001053
77.0000001052
77.0000001053
77.0000001054
77.0000001053
77.0000001053
77.0000001054
77.0000001055
77.0000001056
77.0000001051
77.0000001054
77.0000001052
77.000000105
77.0000001054
77.0000001057
77.0000001055
77.0000001053
77.0000001055
77.0000001056
77.0000001057
77.0000001059
77.0000001053
77.0000001054
77.0000001055
77.0000001057
77.0000001061
77.0000001054
77.000000105
77.0000000963
77
77.000000105
77.0000001055
77.0000001053
77.0000001057
77.0000001056
77.0000001057
77.0000001058
77.0000001057
77.0000001056
77.0000001055
77.0000001054
77.0000001057
77.0000001053
77.0000001052
77.0000001053
77.0000001054
77.0000001059
77.0000001054
77.0000001053
77.0000001054
77.0000001059
77.0000001058
77.0000001055
77.0000001054
77.0000001053
77.0000001055
77.0000001057
77.0000001053
77.0000001054
77.0000001057
77.0000001057
77.0000001056
77.0000001057
77.000000105
77.0000001057
77.0000001051
77.000000105
77.0000001058
77.0000001058
77.0000001056
77.0000001051
77.0000001052
77.0000001053
77.0000001056
77.0000001055
77.0000001054
77.0000001052
77.0000001051
77.0000001057
77.0000001058
77.0000001057
77.0000001052
77.0000001056
77.000000105
77.0000001054
77.0000001057
77.0000001055
77.000000105
77.0000001056
77.0000001054
77.000000106
77.0000001051
77.0000001056
77.0000001055
77.0000001048
77.0000001053
77.0000001056
77.0000001055
77.0000001051
77.0000001054
77.000000106
77.000000105
77.0000001057
77.0000001053
77.0000001056
77.0000001057
77.0000001053
77.0000001054
77.0000001057
77.0000001053
77.0000001053
77.0000001056
77.000000105
77.000000106
77.0000001058
77.0000001059
77.0000001056
77.0000001057
77.0000001061
77.0000001057
77.0000001059
77.0000001057
77.0000001078
77.0000001742
77.0000019537
77.0000485245
77.0012221505
77.0286918709
77.6217301066
86.8038540614
95.4543971668
86.8118069253
77.6220137319
77.0287000955
77.0012224168
77.0000485328
77.0000019541
77.0000001739
77.0000001078
77.0000001058
77.0000001056
77.0000001056
77.0000001056
77.0000001056
77.0000001058
77.0000001056
77.0000001056
77.0000001048
77.0000001059
77.0000001055
77.0000001057
77.0000001052
77.0000001055
77.0000001056
77.0000001056
77.0000001055
77.0000001053
77.0000001056
77.0000001056
77.0000001056
77.0000001057
77.0000001058
77.0000001056
77.0000001055
77.0000001054
77.0000001056
77.0000001056
77.000000106
77.0000001052
77.0000001054
77.0000001053
77.0000001058
77.0000001054
77.0000001056
77.0000001056
77.0000001058
77.0000001059
77.0000001052
77.0000001058
77.0000001054
77.0000001057
77.0000001055
77.0000001049
77.0000001054
77.0000001056
77.0000001059
77.0000001053
77.0000001058
77.000000106
77.0000001062
77.0000001053
77.0000001058
77.0000001058
77.0000001053
77.0000001051
77.0000001051
77.0000001053
77.0000001054
77.0000001051
77.0000001055
77.0000001056
77.0000001053
77.0000001052
77.0000001053
77.0000001054
77.0000001053
77.0000001053
77.0000001054
77.0000001055
77.0000001056
77.0000001051
77.0000001054
77.0000001052
77.000000105
77.0000001054
77.0000001057
77.0000001055
77.0000001053
77.0000001055
77.0000001056
77.0000001057
77.0000001059
77.0000001053
77.0000001054
77.0000001055
77.0000001057
77.0000001061
77.0000001054
77.000000105
77.0000000963
77
